000300,2015-06-30,4161.07,4475.77,4016.01,4473.00
000300,2015-06-29,4446.84,4451.17,4000.93,4191.55
000300,2015-06-26,4573.87,4650.19,4278.68,4336.20
000300,2015-06-25,4906.24,4919.26,4667.22,4706.52
000300,2015-06-24,4811.60,4883.73,4744.31,4880.13
000300,2015-06-23,4641.43,4786.96,4455.33,4786.09
000300,2015-06-19,4847.06,4910.45,4634.69,4637.05
000300,2015-06-18,5107.70,5121.22,4926.43,4930.55
000300,2015-06-17,5072.31,5158.37,4949.29,5138.83
000300,2015-06-16,5165.03,5204.30,5015.27,5064.82
000300,2015-06-15,5354.01,5362.45,5207.31,5221.17
000300,2015-06-12,5329.28,5351.65,5283.09,5335.12
000300,2015-03-31,4138.89,4166.02,4037.77,4051.20
000300,2015-06-11,5305.14,5329.30,5248.16,5306.59
000300,2015-06-10,5254.30,5374.83,5209.68,5309.11
000300,2015-06-09,5379.47,5380.43,5251.21,5317.46
000300,2015-06-08,5259.41,5370.61,5202.60,5353.75
000300,2015-06-05,5254.91,5288.34,5104.18,5230.55
000300,2015-06-04,5156.01,5194.23,4863.47,5181.42
000300,2015-06-03,5176.60,5186.97,5059.50,5143.59
000300,2015-06-02,5091.27,5162.56,5047.08,5161.87
000300,2015-06-01,4862.76,5079.32,4835.77,5076.18
000300,2015-05-29,4839.53,4924.30,4665.52,4840.83
000300,2015-05-28,5174.10,5213.18,4831.33,4834.01
000300,2015-03-30,3999.02,4101.65,3999.02,4088.18
000300,2015-03-27,3957.54,3993.03,3932.87,3971.70
000300,2015-03-26,3921.75,3992.00,3892.88,3950.00
000300,2015-03-25,3961.58,3980.72,3913.99,3940.41
000300,2015-03-24,3980.07,3989.86,3883.78,3973.05
000300,2015-03-23,3923.08,3972.30,3922.21,3972.06
000300,2015-03-20,3852.49,3916.86,3832.42,3892.57
000300,2015-03-19,3851.25,3859.13,3809.71,3839.74
000300,2015-03-18,3769.09,3846.06,3763.85,3846.06
000300,2015-03-17,3733.96,3762.58,3716.81,3757.12
000300,2015-03-16,3641.77,3705.74,3621.12,3705.67
000300,2015-03-13,3604.67,3641.39,3594.74,3617.66
000300,2015-03-12,3557.69,3603.34,3536.53,3592.84
000300,2015-03-11,3524.58,3568.92,3512.22,3524.65
000300,2015-03-10,3523.64,3551.21,3511.99,3520.61
000300,2015-03-09,3449.70,3546.71,3417.49,3537.75
000300,2015-05-27,5216.17,5226.84,5126.86,5181.43
000300,2015-05-26,5140.80,5199.30,5063.15,5198.92
000300,2015-05-25,4949.11,5099.84,4949.11,5099.50
000300,2015-05-22,4895.93,4951.99,4870.60,4951.34
000300,2015-05-21,4768.69,4841.62,4746.03,4840.98
000300,2015-05-20,4751.57,4843.10,4745.21,4754.92
000300,2015-05-19,4577.64,4740.01,4577.64,4731.22
000300,2015-03-06,3501.18,3516.24,3472.39,3478.52
000300,2015-03-05,3513.25,3517.08,3467.68,3496.34
000300,2015-03-04,3514.67,3540.91,3497.17,3530.82
000300,2015-03-03,3579.32,3579.32,3504.20,3507.90
000300,2015-03-02,3603.45,3608.69,3566.53,3601.27
000300,2015-02-27,3565.23,3594.81,3560.46,3572.84
000300,2015-02-26,3473.71,3569.33,3456.87,3566.30
000300,2015-02-25,3529.55,3529.55,3463.96,3478.73
000300,2015-05-18,4582.06,4623.38,4565.06,4575.14
000300,2015-05-15,4690.76,4690.76,4592.05,4617.47
000300,2015-05-14,4717.96,4735.28,4670.17,4700.78
000300,2015-05-13,4746.71,4758.00,4678.85,4718.44
000300,2015-05-12,4692.12,4748.00,4660.02,4747.42
000300,2015-05-11,4582.09,4690.95,4535.15,4690.53
000300,2015-05-08,4515.55,4559.06,4445.59,4558.40
000300,2015-05-07,4520.82,4546.34,4467.46,4470.09
000300,2015-05-06,4626.23,4700.91,4511.76,4553.33
000300,2015-05-05,4785.19,4785.19,4572.98,4596.84
000300,2015-05-04,4757.64,4795.92,4699.40,4787.74
000300,2015-04-30,4788.41,4818.73,4749.49,4749.89
000300,2015-04-29,4722.90,4797.93,4695.79,4774.33
000300,2015-04-28,4811.32,4839.08,4703.57,4741.86
000300,2015-04-27,4753.87,4810.49,4735.31,4807.59
000300,2015-04-24,4682.63,4730.43,4618.32,4702.64
000300,2015-04-23,4764.48,4782.04,4693.97,4740.89
000300,2015-02-17,3511.54,3536.82,3511.09,3522.32
000300,2015-02-16,3473.29,3504.48,3466.61,3499.48
000300,2015-04-22,4637.06,4740.93,4632.59,4739.81
000300,2015-04-21,4520.46,4620.06,4504.56,4619.16
000300,2015-04-20,4615.03,4671.17,4492.60,4521.92
000300,2015-04-17,4578.68,4630.27,4553.90,4596.14
000300,2015-04-16,4355.49,4513.77,4335.63,4513.55
000300,2015-04-15,4439.31,4476.00,4379.61,4380.51
000300,2015-04-14,4432.13,4474.35,4385.91,4438.18
000300,2015-04-13,4394.05,4432.02,4361.59,4421.07
000300,2015-04-10,4249.38,4351.69,4231.20,4344.42
000300,2015-04-09,4316.96,4332.17,4212.61,4262.14
000300,2015-04-08,4277.45,4304.78,4204.83,4295.80
000300,2015-04-07,4213.89,4260.47,4197.02,4260.04
000300,2015-04-03,4104.67,4170.56,4092.38,4170.54
000300,2015-04-02,4149.95,4156.84,4068.65,4124.78
000300,2015-04-01,4057.50,4139.50,4046.94,4123.90
000300,2015-02-13,3458.83,3509.51,3452.08,3469.83
000300,2015-02-12,3435.36,3453.58,3405.63,3442.87
000300,2015-02-11,3415.98,3445.66,3412.14,3434.12
000300,2015-02-10,3345.08,3407.18,3339.55,3406.94
000300,2015-02-09,3305.73,3376.53,3298.60,3345.92
000300,2015-02-06,3352.33,3374.05,3285.94,3312.42
000300,2015-02-05,3487.95,3487.95,3366.86,3366.95
000300,2015-02-04,3446.14,3476.82,3399.57,3401.77
000300,2015-02-03,3388.60,3441.71,3360.72,3437.45
000300,2015-02-02,3360.19,3407.26,3347.09,3353.96
000300,2015-01-30,3496.89,3514.22,3431.94,3434.39
000300,2015-01-29,3474.92,3505.58,3453.90,3481.80
000300,2015-01-28,3547.24,3583.31,3512.39,3525.32
000300,2015-01-27,3614.04,3616.26,3510.02,3574.93
000300,2015-01-26,3580.12,3611.62,3559.38,3607.99
000300,2015-01-23,3582.09,3627.81,3548.63,3571.73
000300,2015-01-22,3551.05,3576.76,3520.05,3567.61
000300,2015-01-21,3420.49,3557.79,3409.43,3548.89
000300,2015-01-20,3336.79,3419.20,3325.68,3396.22
000300,2015-01-19,3414.01,3497.25,3330.98,3355.16
000300,2015-01-16,3616.25,3662.16,3601.26,3635.15
000300,2015-01-15,3501.72,3604.12,3482.27,3604.12
000300,2015-01-14,3522.91,3547.24,3471.56,3502.42
000300,2015-01-13,3506.45,3550.16,3494.77,3514.04
000300,2015-01-12,3531.52,3560.53,3461.32,3513.58
000300,2015-01-09,3547.57,3689.75,3536.40,3546.72
000300,2015-01-08,3650.07,3659.95,3552.10,3559.26
000300,2015-01-07,3620.92,3671.19,3601.70,3643.79
000300,2015-01-06,3608.43,3683.23,3587.23,3641.06
000300,2015-01-05,3566.09,3669.04,3551.51,3641.54
000300,2017-04-19,3452.99,3459.35,3418.51,3445.88
000300,2017-04-18,3474.89,3489.08,3462.63,3462.74
000300,2017-04-17,3475.74,3480.57,3453.68,3479.94
000300,2017-04-14,3516.81,3517.47,3476.95,3486.50
000300,2017-04-13,3500.28,3518.44,3496.57,3514.57
000300,2017-04-12,3514.57,3523.10,3498.00,3509.44
000300,2017-04-11,3503.83,3520.13,3466.14,3517.33
000300,2017-04-10,3519.46,3522.80,3502.08,3505.14
000300,2017-04-07,3514.45,3526.82,3506.39,3517.46
000300,2017-04-06,3507.99,3517.78,3495.72,3514.05
000300,2017-04-05,3476.42,3504.54,3475.15,3503.89
000016,2015-03-31,2826.63,2860.24,2744.93,2754.66
000016,2015-03-30,2716.43,2793.41,2704.80,2784.46
000016,2015-03-27,2693.19,2715.01,2664.86,2689.24
000016,2015-03-26,2637.53,2714.63,2621.45,2687.76
000016,2015-03-25,2674.35,2691.24,2626.66,2649.16
000016,2015-03-24,2719.51,2720.03,2649.62,2683.65
000016,2015-03-23,2700.16,2724.64,2690.48,2720.67
000016,2015-03-20,2642.80,2710.13,2617.07,2680.68
000016,2015-03-19,2649.00,2649.00,2613.77,2630.24
000016,2015-03-18,2595.74,2649.82,2592.26,2649.64
000016,2015-03-17,2576.41,2586.43,2556.47,2583.20
000016,2015-03-16,2512.35,2551.45,2485.29,2550.86
000016,2015-03-13,2494.35,2532.15,2477.40,2495.28
000016,2015-03-12,2444.42,2505.63,2423.43,2485.11
000016,2015-03-11,2401.26,2444.66,2399.54,2408.50
000016,2015-03-10,2413.84,2424.15,2390.60,2395.43
000016,2015-06-30,2678.63,2872.51,2628.00,2870.03
000016,2015-03-09,2352.22,2443.20,2321.27,2429.87
000016,2015-03-06,2370.89,2393.74,2366.02,2371.62
000016,2015-03-05,2379.73,2382.89,2344.95,2366.90
000016,2015-03-04,2403.86,2416.22,2378.93,2397.99
000016,2015-03-03,2462.00,2462.00,2395.83,2396.81
000016,2015-03-02,2495.57,2498.72,2459.42,2479.24
000016,2015-02-27,2476.49,2498.70,2466.83,2474.60
000016,2015-02-26,2401.14,2482.44,2382.69,2478.06
000016,2015-02-25,2448.20,2448.20,2395.53,2407.46
000016,2015-02-17,2437.69,2464.52,2437.69,2445.26
000016,2015-02-16,2427.17,2437.84,2413.60,2431.21
000016,2015-06-29,2802.77,2822.11,2530.83,2678.37
000016,2015-06-26,2875.12,2953.96,2678.77,2736.70
000016,2015-06-25,3069.40,3082.56,2929.11,2943.99
000016,2015-06-24,3009.77,3052.11,2962.65,3045.24
000016,2015-06-23,2907.08,3007.63,2822.47,3003.16
000016,2015-06-19,3030.22,3067.82,2900.79,2903.06
000016,2015-02-13,2426.95,2464.08,2415.43,2427.47
000016,2015-02-12,2415.14,2425.64,2384.49,2416.45
000016,2015-02-11,2408.08,2423.35,2395.20,2415.13
000016,2015-02-10,2363.16,2409.02,2355.14,2403.55
000016,2015-02-09,2319.24,2392.82,2311.80,2366.77
000016,2015-02-06,2335.36,2366.33,2303.11,2325.24
000016,2015-02-05,2456.38,2456.57,2348.45,2348.92
000016,2015-09-30,2138.15,2161.71,2133.88,2146.12
000016,2015-06-18,3183.23,3183.23,3067.49,3068.49
000016,2015-06-17,3198.14,3222.44,3144.49,3211.71
000016,2015-06-16,3233.15,3275.47,3149.08,3179.65
000016,2015-06-15,3359.71,3366.84,3254.62,3262.48
000016,2015-06-12,3364.44,3374.82,3319.20,3350.25
000016,2015-06-11,3369.00,3383.49,3313.59,3347.12
000016,2015-06-10,3362.81,3415.28,3338.68,3370.38
000016,2015-06-09,3494.82,3494.82,3376.02,3414.00
000016,2015-06-08,3333.83,3469.22,3308.30,3458.71
000016,2015-06-05,3349.57,3365.59,3234.25,3303.99
000016,2015-06-04,3244.46,3316.50,3113.22,3299.03
000016,2015-06-03,3251.91,3259.71,3193.54,3238.43
000016,2015-06-02,3240.80,3269.22,3201.22,3258.31
000016,2015-02-04,2412.75,2439.61,2370.57,2372.46
000016,2015-02-03,2362.41,2413.01,2335.11,2405.76
000016,2015-02-02,2337.20,2376.43,2329.15,2332.53
000016,2015-01-30,2456.05,2471.23,2400.63,2405.38
000016,2015-01-29,2444.40,2465.31,2419.99,2442.04
000016,2015-01-28,2497.05,2534.58,2476.28,2486.29
000016,2015-09-29,2139.80,2145.99,2114.30,2127.20
000016,2015-09-28,2169.15,2175.97,2145.75,2169.94
000016,2015-09-25,2180.29,2191.36,2150.02,2183.40
000016,2015-09-24,2190.31,2198.49,2170.68,2188.09
000016,2015-09-23,2208.25,2219.24,2174.92,2178.55
000016,2015-09-22,2217.78,2259.07,2210.49,2237.31
000016,2015-09-21,2185.08,2220.02,2176.66,2214.45
000016,2015-09-18,2204.58,2226.75,2192.27,2198.99
000016,2015-09-17,2223.40,2260.85,2194.03,2194.82
000016,2015-09-16,2161.01,2277.58,2142.20,2241.95
000016,2015-09-15,2179.24,2188.36,2142.02,2175.17
000016,2015-09-14,2205.71,2228.96,2126.29,2228.15
000016,2015-09-11,2199.59,2218.82,2180.24,2195.39
000016,2015-09-10,2183.61,2218.14,2175.37,2208.48
000016,2015-09-09,2186.37,2225.27,2175.77,2211.20
000016,2015-06-01,3114.79,3250.61,3082.16,3244.32
000016,2015-05-29,3127.64,3161.58,3036.96,3111.33
000016,2015-05-28,3336.70,3350.22,3120.97,3124.62
000016,2015-05-27,3390.98,3404.76,3327.24,3344.74
000016,2015-05-26,3382.76,3390.29,3320.15,3386.59
000016,2015-05-25,3263.96,3350.52,3263.96,3349.95
000016,2015-05-22,3180.39,3249.52,3170.45,3248.86
000016,2015-05-21,3132.34,3156.49,3111.00,3150.90
000016,2015-05-20,3127.57,3181.54,3105.63,3122.85
000016,2015-05-19,2996.84,3127.00,2996.72,3116.09
000016,2015-05-18,3032.71,3045.59,2997.13,2998.39
000016,2015-05-15,3122.89,3124.61,3044.85,3060.41
000016,2015-05-14,3136.13,3153.75,3107.68,3128.57
000016,2015-05-13,3188.06,3188.96,3122.34,3141.30
000016,2015-05-12,3162.67,3200.18,3136.46,3188.31
000016,2015-05-11,3112.24,3169.87,3075.20,3169.13
000016,2015-05-08,3126.00,3138.66,3045.01,3110.46
000016,2015-05-07,3116.79,3142.14,3093.73,3094.88
000016,2015-05-06,3175.89,3244.60,3110.11,3139.02
000016,2015-01-27,2570.43,2574.33,2473.81,2522.10
000016,2015-01-26,2563.91,2565.36,2528.08,2562.36
000016,2015-01-23,2556.92,2612.93,2543.46,2564.51
000016,2015-01-22,2546.70,2557.70,2504.07,2544.31
000016,2015-01-21,2425.26,2553.70,2414.89,2542.32
000016,2015-01-20,2381.14,2439.25,2355.26,2403.72
000016,2015-01-19,2448.93,2512.58,2399.44,2410.20
000016,2015-01-16,2642.74,2685.31,2626.82,2653.03
000016,2015-01-15,2534.77,2633.40,2516.61,2632.89
000016,2015-01-14,2539.25,2569.45,2508.66,2534.23
000016,2015-01-13,2537.98,2567.62,2512.86,2527.83
000016,2015-01-12,2565.74,2596.27,2499.87,2543.85
000016,2015-01-09,2554.29,2692.61,2540.34,2569.02
000016,2015-01-08,2647.82,2656.75,2551.82,2558.11
000016,2015-12-31,2426.81,2437.72,2409.76,2420.80
000016,2015-09-08,2115.90,2185.40,2084.03,2180.13
000016,2015-09-07,2215.18,2247.44,2127.48,2133.98
000016,2015-09-02,2143.24,2248.77,2137.19,2243.63
000016,2015-05-05,3266.81,3270.96,3132.94,3148.81
000016,2015-05-04,3250.13,3273.15,3204.31,3272.01
000016,2015-04-30,3290.58,3309.42,3249.25,3250.49
000016,2015-04-29,3268.52,3304.71,3243.54,3283.28
000016,2015-04-28,3309.53,3370.03,3255.77,3282.33
000016,2015-04-27,3257.97,3313.25,3257.97,3308.45
000016,2015-04-24,3226.38,3250.23,3161.97,3223.96
000016,2015-01-07,2608.88,2668.84,2598.89,2635.23
000016,2015-01-06,2616.29,2691.49,2591.83,2629.40
000016,2015-01-05,2612.85,2678.44,2583.55,2649.64
000016,2015-12-30,2432.18,2434.52,2399.92,2432.77
000016,2015-12-29,2408.93,2435.62,2405.17,2432.88
000016,2015-12-28,2498.78,2502.33,2411.21,2411.41
000016,2015-12-25,2483.66,2496.84,2474.33,2492.34
000016,2015-12-24,2498.77,2505.70,2451.45,2481.75
000016,2015-12-23,2497.37,2550.90,2492.43,2503.06
000016,2015-12-22,2499.66,2506.87,2477.67,2496.05
000016,2015-12-21,2415.63,2513.49,2414.84,2500.06
000016,2015-12-18,2405.86,2466.35,2404.15,2422.84
000016,2015-12-17,2391.40,2424.90,2386.09,2408.32
000016,2015-12-16,2389.25,2394.17,2371.43,2376.54
000016,2015-12-15,2408.15,2410.09,2377.07,2383.83
000016,2015-12-14,2319.20,2418.56,2316.90,2414.92
000016,2015-12-11,2346.86,2357.08,2324.63,2342.45
000016,2015-12-10,2369.59,2402.69,2353.22,2357.21
000016,2015-12-09,2357.88,2386.28,2356.94,2369.74
000016,2015-12-08,2381.68,2386.28,2356.93,2364.34
000016,2016-03-31,2166.42,2171.79,2149.24,2156.54
000016,2015-09-01,2155.96,2239.46,2103.48,2230.32
000016,2015-08-31,2135.60,2214.11,2071.41,2210.45
000016,2015-08-28,2120.36,2167.90,2097.78,2159.96
000016,2015-08-27,1989.59,2095.46,1957.74,2094.72
000016,2015-08-26,1930.20,2028.40,1874.22,1942.45
000016,2015-08-25,1947.15,2044.56,1890.38,1914.05
000016,2015-08-24,2195.46,2203.63,2046.85,2058.25
000016,2015-08-21,2336.45,2362.84,2261.31,2271.36
000016,2015-08-20,2406.57,2421.03,2356.33,2356.92
000016,2015-08-19,2379.21,2431.61,2326.24,2430.28
000016,2015-08-18,2554.08,2572.21,2405.83,2407.97
000016,2015-04-23,3311.07,3313.81,3245.76,3273.40
000016,2015-04-22,3219.70,3300.84,3204.44,3299.22
000016,2015-04-21,3163.29,3214.89,3135.22,3214.36
000016,2015-04-20,3267.85,3296.18,3146.84,3164.46
000016,2015-04-17,3251.98,3271.57,3216.21,3235.33
000016,2015-12-07,2398.09,2404.91,2379.55,2395.58
000016,2015-12-04,2438.39,2442.25,2392.88,2397.56
000016,2015-12-03,2441.91,2481.54,2422.56,2461.45
000016,2016-03-30,2124.53,2160.50,2124.09,2157.53
000016,2016-03-29,2127.80,2133.81,2100.92,2106.86
000016,2016-03-28,2152.81,2166.92,2116.98,2123.03
000016,2016-03-25,2137.15,2156.80,2135.53,2149.20
000016,2016-03-24,2161.17,2161.17,2137.19,2137.59
000016,2016-03-23,2170.16,2186.02,2159.46,2175.28
000016,2016-03-22,2181.98,2196.37,2167.43,2173.26
000016,2016-03-21,2156.95,2214.64,2154.49,2193.39
000016,2016-03-18,2140.27,2165.15,2131.38,2141.18
000016,2016-03-17,2135.06,2156.89,2113.44,2131.48
000016,2016-03-16,2087.28,2142.16,2084.77,2136.13
000016,2016-03-15,2077.51,2105.04,2055.32,2101.12
000016,2016-03-14,2079.91,2117.83,2071.12,2078.41
000016,2016-03-11,2043.25,2071.09,2039.59,2070.72
000016,2016-03-10,2089.86,2102.99,2060.06,2061.45
000016,2016-03-09,2073.27,2112.86,2053.84,2111.92
000016,2016-03-08,2102.25,2118.04,2037.29,2115.16
000016,2016-03-07,2122.55,2133.56,2097.78,2107.67
000016,2016-03-04,2045.12,2128.57,2040.08,2122.27
000016,2015-08-17,2560.37,2561.96,2524.13,2550.47
000016,2015-08-14,2588.43,2592.17,2565.59,2577.04
000016,2015-08-13,2562.87,2585.92,2522.35,2580.78
000016,2015-08-12,2562.68,2598.51,2557.26,2561.13
000016,2015-08-11,2612.95,2623.84,2578.65,2590.71
000016,2015-08-10,2527.62,2626.36,2517.95,2617.66
000016,2015-08-07,2489.81,2520.04,2479.25,2503.80
000016,2015-08-06,2452.53,2505.53,2446.96,2467.53
000016,2016-06-30,2123.87,2130.98,2120.41,2122.63
000016,2015-04-16,3045.85,3183.58,3033.25,3183.30
000016,2015-04-15,3054.02,3119.48,3039.26,3053.30
000016,2015-04-14,3057.41,3074.67,3013.31,3052.41
000016,2015-04-13,3040.01,3059.78,3016.97,3041.13
000016,2015-04-10,2925.93,2992.41,2911.46,2986.61
000016,2015-04-09,2973.81,3021.85,2914.70,2931.77
000016,2015-04-08,2907.58,2960.65,2879.97,2952.08
000016,2015-04-07,2854.41,2889.86,2838.89,2889.45
000016,2015-04-03,2771.03,2817.62,2764.35,2817.18
000016,2015-04-02,2821.21,2824.82,2746.30,2781.64
000016,2015-04-01,2758.96,2810.65,2751.37,2799.45
000016,2015-12-02,2341.43,2463.91,2337.03,2458.41
000016,2015-12-01,2334.14,2365.15,2314.79,2344.83
000016,2015-11-30,2325.07,2347.84,2280.68,2336.29
000016,2015-11-27,2438.18,2439.70,2320.07,2334.44
000016,2015-11-26,2468.52,2481.39,2450.10,2450.96
000016,2015-11-25,2441.73,2460.18,2430.35,2459.56
000016,2015-11-24,2449.97,2452.35,2421.39,2447.90
000016,2015-11-23,2465.81,2485.42,2451.55,2456.84
000016,2015-11-20,2469.70,2483.89,2458.78,2466.76
000016,2015-11-19,2444.88,2469.01,2436.90,2468.49
000016,2016-03-03,2043.37,2057.16,2031.54,2053.27
000016,2016-03-02,1980.46,2045.82,1979.17,2043.41
000016,2016-03-01,1944.56,1988.57,1931.98,1973.19
000016,2016-02-29,1951.68,1953.32,1891.10,1944.61
000016,2016-02-26,1946.96,1965.91,1930.00,1955.40
000016,2016-02-25,2038.16,2038.18,1925.20,1932.60
000016,2016-02-24,2020.59,2041.88,2009.35,2041.39
000016,2015-08-05,2529.13,2537.35,2485.60,2487.06
000016,2015-08-04,2476.16,2535.28,2462.73,2534.71
000016,2015-08-03,2433.24,2479.95,2419.85,2479.72
000016,2015-07-31,2452.05,2490.66,2432.49,2461.24
000016,2015-07-30,2525.08,2548.27,2459.92,2467.37
000016,2015-07-29,2496.90,2535.60,2459.08,2531.45
000016,2015-07-28,2427.03,2531.23,2400.87,2485.67
000016,2015-07-27,2698.80,2715.36,2491.12,2493.29
000016,2015-07-24,2794.05,2807.62,2735.30,2741.04
000016,2016-06-29,2105.76,2124.29,2104.23,2122.97
000016,2016-06-28,2089.35,2104.48,2084.18,2102.05
000016,2016-06-27,2070.94,2096.20,2070.82,2095.89
000016,2016-06-24,2100.00,2112.61,2052.98,2076.30
000016,2016-06-23,2114.77,2114.77,2098.36,2105.53
000016,2016-06-22,2101.05,2116.30,2098.63,2115.77
000016,2016-06-21,2108.87,2130.90,2100.06,2104.56
000016,2015-11-18,2455.58,2473.45,2433.46,2439.45
000016,2015-11-17,2462.22,2514.46,2449.74,2453.26
000016,2015-11-16,2410.04,2447.50,2407.94,2447.29
000016,2015-11-13,2454.18,2481.18,2444.20,2447.77
000016,2015-11-12,2513.11,2513.70,2466.29,2476.43
000016,2015-11-11,2516.35,2517.51,2474.04,2505.83
000016,2015-11-10,2504.25,2559.83,2498.46,2522.68
000016,2015-11-09,2501.73,2592.19,2501.73,2534.08
000016,2015-11-06,2430.65,2501.40,2427.28,2493.48
000016,2015-11-05,2368.61,2503.65,2365.85,2440.65
000016,2015-11-04,2277.20,2374.02,2277.20,2370.50
000016,2015-11-03,2283.80,2294.42,2265.67,2271.65
000016,2015-11-02,2291.25,2310.83,2279.47,2280.09
000016,2016-02-23,2051.57,2051.57,2013.98,2029.52
000016,2016-02-22,2025.18,2064.61,2016.36,2053.86
000016,2016-02-19,2005.41,2013.78,1993.05,2004.11
000016,2016-02-18,2022.55,2034.16,2007.22,2009.27
000016,2016-02-17,1997.68,2020.08,1993.89,2014.44
000016,2016-02-16,1957.91,2005.42,1957.54,2000.90
000016,2016-02-15,1916.42,1958.22,1914.49,1948.28
000016,2016-02-05,1970.69,1979.39,1962.23,1967.26
000016,2016-02-04,1962.87,1983.25,1960.13,1974.24
000016,2016-02-03,1947.83,1955.09,1929.81,1952.37
000016,2016-02-02,1935.22,1978.29,1934.91,1969.62
000016,2016-02-01,1970.21,1973.10,1917.24,1937.07
000016,2016-01-29,1915.13,1986.72,1914.40,1973.01
000016,2016-01-28,1943.83,1960.95,1900.35,1912.72
000016,2016-01-27,1961.40,1972.16,1908.04,1953.46
000016,2016-01-26,2046.04,2050.45,1944.91,1951.61
000016,2016-01-25,2067.56,2074.90,2049.25,2065.44
000016,2016-01-22,2062.63,2074.17,2026.27,2061.96
000016,2016-01-21,2069.39,2112.73,2040.53,2040.98
000016,2015-07-23,2741.42,2796.37,2736.38,2790.76
000016,2015-07-22,2757.28,2771.00,2721.35,2739.79
000016,2015-07-21,2757.66,2799.82,2743.16,2772.77
000016,2015-07-20,2798.56,2815.70,2766.94,2783.76
000016,2015-07-17,2756.87,2834.18,2723.74,2807.07
000016,2015-07-16,2754.83,2780.00,2708.72,2742.85
000016,2015-07-15,2725.92,2779.95,2665.95,2757.95
000016,2015-07-14,2821.97,2843.25,2717.03,2763.07
000016,2015-07-13,2855.70,2949.20,2805.91,2869.05
000016,2015-07-10,2749.12,2997.60,2717.71,2898.41
000016,2015-07-09,2575.34,2828.75,2493.64,2781.08
000016,2015-07-08,2596.71,2760.52,2546.46,2608.98
000016,2015-07-07,2682.50,2825.49,2612.12,2812.45
000016,2015-07-06,2807.75,2807.75,2649.56,2750.00
000016,2015-07-03,2674.56,2738.66,2511.17,2582.27
000016,2015-07-02,2767.99,2805.67,2611.86,2714.25
000016,2015-07-01,2823.94,2872.91,2721.48,2736.85
000016,2016-09-30,2171.94,2182.61,2171.49,2177.35
000016,2016-06-20,2109.57,2110.89,2092.83,2104.22
000016,2016-06-17,2093.69,2115.42,2093.69,2102.20
000016,2016-06-16,2095.36,2105.25,2091.49,2094.81
000016,2016-06-15,2073.47,2115.38,2073.10,2106.63
000016,2016-06-14,2080.90,2098.06,2079.40,2095.02
000016,2016-06-13,2113.91,2122.46,2083.29,2084.30
000016,2016-06-08,2137.18,2138.85,2124.84,2132.96
000016,2016-06-07,2141.65,2145.71,2134.61,2139.07
000016,2016-06-06,2148.96,2151.06,2131.92,2136.32
000016,2016-06-03,2146.56,2157.07,2135.53,2152.64
000016,2015-10-30,2307.76,2336.04,2298.97,2312.97
000016,2015-10-29,2317.48,2323.45,2301.37,2307.35
000016,2015-10-28,2338.39,2342.45,2308.55,2310.70
000016,2015-10-27,2343.87,2353.65,2302.09,2349.90
000016,2015-10-26,2366.84,2381.71,2340.50,2350.02
000016,2015-10-23,2334.54,2350.12,2319.78,2343.97
000016,2015-10-22,2306.07,2337.40,2297.05,2331.79
000016,2015-10-21,2338.71,2369.37,2268.82,2340.36
000016,2015-10-20,2312.53,2337.80,2297.76,2337.08
000016,2015-10-19,2329.40,2346.35,2303.17,2318.47
000016,2015-10-16,2310.35,2328.30,2301.49,2323.78
000016,2015-10-15,2254.40,2297.96,2252.33,2297.90
000016,2015-10-14,2263.59,2284.62,2252.38,2253.91
000016,2016-01-20,2115.13,2124.15,2076.16,2088.72
000016,2016-01-19,2075.19,2135.36,2060.28,2128.57
000016,2016-01-18,2040.41,2092.40,2039.05,2069.27
000016,2016-01-15,2119.56,2128.95,2058.70,2070.93
000016,2016-01-14,2056.41,2136.06,2052.30,2132.08
000016,2016-01-13,2152.72,2157.51,2104.93,2105.51
000016,2016-01-12,2135.94,2151.40,2115.37,2131.37
000016,2016-01-11,2182.85,2202.32,2119.70,2120.23
000016,2016-01-08,2225.48,2257.41,2154.58,2219.61
000016,2016-01-07,2281.88,2281.93,2171.32,2180.59
000016,2016-01-06,2284.92,2321.17,2274.47,2317.65
000016,2016-09-29,2170.99,2183.17,2170.84,2175.37
000016,2016-09-28,2177.41,2177.41,2165.33,2166.72
000016,2016-09-27,2163.38,2176.77,2162.44,2176.45
000016,2016-09-26,2190.39,2190.39,2166.82,2167.26
000016,2016-09-23,2202.70,2203.66,2195.08,2196.29
000016,2016-09-22,2195.25,2210.79,2192.49,2200.70
000016,2016-09-21,2184.42,2191.81,2180.50,2187.15
000016,2016-09-20,2190.10,2190.72,2181.02,2184.21
000016,2016-09-19,2178.76,2191.22,2178.76,2189.46
000016,2016-09-14,2184.11,2187.95,2172.40,2176.52
000016,2016-09-13,2197.38,2199.24,2185.82,2193.19
000016,2016-09-12,2201.68,2202.90,2175.33,2199.98
000016,2016-09-09,2236.39,2241.61,2228.66,2229.31
000016,2016-09-08,2234.95,2239.17,2230.82,2236.63
000016,2016-09-07,2233.03,2246.37,2230.58,2236.55
000016,2016-06-02,2138.21,2144.32,2129.94,2137.65
000016,2016-06-01,2155.50,2158.72,2138.56,2138.96
000016,2016-05-31,2092.22,2158.12,2092.22,2155.66
000016,2016-05-30,2076.93,2093.77,2065.64,2092.16
000016,2016-05-27,2075.21,2080.49,2069.52,2074.92
000016,2016-05-26,2070.24,2083.06,2062.17,2076.14
000016,2016-05-25,2079.48,2084.13,2068.68,2071.91
000016,2016-05-24,2080.01,2080.07,2062.50,2066.64
000016,2016-05-23,2082.97,2095.17,2077.94,2082.41
000016,2016-05-20,2067.46,2083.51,2064.44,2083.12
000016,2016-05-19,2072.37,2083.13,2069.90,2073.80
000016,2016-05-18,2067.72,2081.85,2053.72,2078.76
000016,2016-05-17,2081.57,2083.85,2069.27,2075.47
000016,2016-05-16,2068.92,2082.86,2064.68,2082.62
000016,2016-05-13,2079.64,2089.84,2072.26,2076.19
000016,2015-10-13,2268.76,2282.04,2259.27,2270.95
000016,2015-10-12,2223.33,2308.19,2220.63,2283.43
000016,2015-10-09,2202.13,2226.42,2195.16,2219.29
000016,2015-10-08,2231.03,2231.24,2189.99,2191.34
000016,2016-01-05,2230.08,2309.59,2223.05,2288.11
000016,2016-01-04,2417.03,2417.03,2269.97,2270.46
000016,2016-12-30,2276.81,2286.99,2272.50,2286.90
000016,2016-09-06,2227.44,2241.52,2217.48,2232.45
000016,2016-09-05,2230.41,2240.49,2224.93,2228.72
000016,2016-09-02,2216.29,2231.46,2215.64,2229.89
000016,2016-09-01,2230.36,2235.65,2219.25,2220.40
000016,2016-08-31,2222.02,2237.66,2218.65,2232.71
000016,2016-08-30,2215.84,2229.83,2215.69,2224.06
000016,2016-05-12,2067.75,2089.65,2055.51,2084.84
000016,2016-05-11,2078.29,2089.12,2068.65,2078.41
000016,2016-05-10,2061.99,2084.70,2061.99,2072.38
000016,2016-05-09,2100.64,2100.64,2064.69,2072.47
000016,2016-05-06,2152.50,2153.87,2106.44,2107.01
000016,2016-05-05,2149.47,2155.47,2145.11,2152.88
000016,2016-05-04,2152.43,2159.65,2147.76,2152.93
000016,2016-05-03,2136.20,2167.73,2131.38,2158.27
000016,2016-04-29,2136.84,2146.32,2134.19,2135.51
000016,2016-04-28,2149.07,2155.57,2131.86,2142.06
000016,2016-04-27,2157.86,2159.13,2143.90,2145.38
000016,2016-04-26,2146.41,2163.24,2140.57,2155.79
000016,2016-04-25,2149.25,2156.53,2130.30,2148.28
000016,2016-04-22,2135.92,2161.80,2133.81,2157.72
000016,2016-04-21,2138.29,2171.45,2129.91,2147.72
000016,2016-04-20,2166.28,2169.65,2093.82,2154.89
000016,2016-12-29,2273.22,2282.19,2265.89,2275.11
000016,2016-12-28,2286.41,2289.81,2269.16,2277.18
000016,2016-12-27,2291.23,2300.16,2286.43,2286.96
000016,2016-12-26,2266.38,2295.69,2251.71,2294.71
000016,2016-12-23,2290.25,2291.72,2271.13,2278.48
000016,2016-12-22,2293.35,2298.19,2280.79,2292.04
000016,2016-12-21,2282.12,2304.60,2282.00,2297.37
000016,2016-12-20,2293.40,2295.11,2262.88,2279.68
000016,2016-12-19,2299.71,2303.69,2288.30,2291.38
000016,2016-12-16,2302.87,2315.54,2298.43,2302.32
000016,2016-12-15,2346.77,2354.35,2302.43,2309.82
000016,2016-12-14,2369.50,2384.56,2359.72,2360.38
000016,2016-12-13,2373.79,2382.44,2357.46,2372.93
000016,2016-12-12,2408.09,2423.39,2362.14,2387.16
000016,2016-12-09,2374.30,2422.78,2372.46,2411.31
000016,2016-12-08,2380.66,2387.17,2374.47,2379.00
000016,2016-12-07,2367.42,2377.30,2358.87,2376.92
000016,2016-12-06,2371.11,2382.20,2367.00,2368.68
000016,2016-08-29,2219.02,2220.13,2205.12,2214.26
000016,2016-08-26,2223.31,2232.29,2215.62,2219.31
000016,2016-08-25,2224.51,2226.00,2205.01,2222.15
000016,2016-08-24,2242.91,2244.88,2227.56,2232.21
000016,2016-08-23,2235.39,2256.33,2232.44,2241.95
000016,2016-08-22,2249.08,2253.59,2235.01,2237.13
000016,2016-08-19,2241.67,2254.49,2230.33,2249.34
000016,2016-08-18,2253.12,2274.45,2235.05,2244.72
000016,2016-08-17,2260.93,2270.37,2241.94,2253.74
000016,2016-08-16,2293.81,2302.33,2253.41,2257.70
000016,2016-08-15,2227.08,2310.28,2225.62,2287.66
000016,2016-08-12,2177.80,2222.69,2175.85,2222.49
000016,2016-08-11,2168.13,2205.88,2168.13,2177.06
000016,2016-08-10,2175.13,2179.61,2169.13,2170.10
000016,2016-08-09,2159.31,2176.70,2157.76,2175.35
000016,2016-08-08,2147.70,2159.95,2137.52,2159.67
000016,2016-08-05,2142.34,2159.14,2137.31,2148.68
000016,2016-08-04,2145.66,2146.60,2130.17,2143.84
000016,2016-04-19,2169.89,2173.09,2156.18,2163.61
000016,2016-04-18,2166.00,2168.90,2154.38,2158.23
000016,2016-04-15,2182.11,2190.73,2172.97,2182.07
000016,2016-04-14,2183.12,2190.87,2166.63,2178.87
000016,2016-12-05,2378.21,2386.43,2363.13,2375.26
000016,2016-12-02,2427.17,2430.83,2401.06,2416.51
000016,2016-12-01,2421.93,2448.67,2417.96,2431.31
000016,2016-11-30,2435.81,2444.95,2411.56,2419.41
000016,2016-11-29,2398.67,2455.43,2395.81,2441.58
000016,2016-11-28,2406.70,2427.59,2398.41,2403.14
000016,2016-11-25,2371.70,2394.71,2358.26,2393.95
000016,2016-11-24,2356.85,2382.95,2355.80,2368.73
000016,2016-11-23,2355.32,2375.81,2352.40,2360.34
000016,2016-11-22,2334.68,2357.57,2334.68,2353.00
000016,2016-11-21,2304.77,2350.76,2304.77,2334.68
000016,2016-11-18,2318.90,2323.72,2304.55,2307.27
000016,2016-11-17,2306.41,2317.54,2297.74,2316.72
000016,2016-11-16,2312.50,2314.85,2302.14,2309.94
000016,2016-11-15,2315.80,2319.07,2306.23,2310.90
000016,2016-08-03,2140.15,2149.89,2136.60,2145.79
000016,2016-08-02,2145.82,2151.29,2138.19,2148.45
000016,2016-08-01,2151.54,2155.79,2136.11,2147.56
000016,2016-07-29,2163.64,2166.85,2151.93,2155.24
000016,2016-07-28,2160.16,2173.08,2153.89,2163.81
000016,2016-07-27,2182.72,2186.08,2125.27,2173.97
000016,2016-07-26,2156.81,2183.06,2156.77,2182.51
000016,2016-07-25,2155.32,2167.51,2152.09,2159.55
000016,2016-07-22,2175.98,2177.44,2154.36,2157.23
000016,2016-07-21,2168.48,2185.62,2168.48,2177.78
000016,2016-07-20,2173.55,2178.00,2163.11,2167.12
000016,2016-07-19,2188.80,2193.57,2163.31,2175.40
000016,2017-03-31,2344.96,2361.32,2340.77,2359.75
000016,2016-04-13,2157.21,2197.74,2157.21,2171.32
000016,2016-04-12,2147.81,2150.57,2135.29,2143.90
000016,2016-04-11,2140.56,2167.65,2140.56,2148.44
000016,2016-04-08,2125.45,2132.73,2114.26,2123.80
000016,2016-04-07,2174.88,2177.12,2138.33,2139.40
000016,2016-04-06,2167.45,2176.90,2156.52,2168.04
000016,2016-04-05,2151.37,2186.92,2147.09,2180.26
000016,2016-04-01,2156.78,2168.33,2124.13,2167.78
000016,2016-11-14,2304.61,2338.58,2303.97,2317.77
000016,2016-11-11,2285.61,2315.96,2284.29,2308.43
000016,2016-11-10,2279.94,2297.97,2279.94,2289.45
000016,2016-11-09,2281.12,2281.59,2244.43,2263.92
000016,2016-11-08,2284.01,2294.62,2276.74,2282.42
000016,2016-11-07,2271.96,2279.55,2265.36,2276.95
000016,2016-11-04,2271.85,2284.95,2266.92,2271.93
000016,2016-11-03,2241.44,2283.25,2239.87,2273.63
000016,2016-11-02,2256.12,2259.19,2242.77,2244.74
000016,2016-11-01,2250.49,2263.62,2246.95,2263.48
000016,2016-10-31,2247.99,2253.80,2236.20,2250.47
000016,2016-10-28,2252.38,2271.91,2249.49,2253.80
000016,2016-10-27,2254.32,2256.21,2243.63,2250.26
000016,2016-10-26,2263.69,2266.88,2254.63,2257.12
000016,2016-07-18,2190.47,2205.80,2184.05,2187.98
000016,2016-07-15,2196.95,2200.88,2186.36,2192.39
000016,2016-07-14,2195.34,2199.84,2184.49,2195.23
000016,2016-07-13,2195.98,2222.25,2191.59,2197.79
000016,2016-07-12,2156.63,2201.63,2156.59,2200.35
000016,2016-07-11,2152.74,2175.24,2150.37,2155.72
000016,2016-07-08,2156.38,2158.77,2147.14,2148.76
000016,2016-07-07,2161.36,2173.70,2153.77,2166.88
000016,2016-07-06,2161.58,2169.46,2149.04,2167.10
000016,2017-03-30,2350.92,2356.44,2335.23,2346.67
000016,2017-03-29,2358.00,2363.77,2349.12,2352.69
000016,2017-03-28,2368.15,2368.38,2353.08,2356.31
000016,2017-03-27,2364.75,2381.77,2360.67,2364.43
000016,2017-03-24,2350.69,2373.58,2341.62,2365.60
000016,2017-03-23,2340.06,2356.27,2334.12,2347.43
000016,2017-03-22,2347.86,2352.76,2330.12,2338.55
000016,2016-10-25,2270.02,2274.38,2258.92,2266.17
000016,2016-10-24,2245.46,2285.08,2243.81,2270.95
000016,2016-10-21,2221.38,2246.58,2221.04,2240.75
000016,2016-07-05,2162.09,2174.42,2159.90,2168.86
000016,2016-07-04,2121.90,2169.62,2120.49,2163.29
000016,2016-07-01,2124.40,2133.35,2122.87,2127.09
000016,2017-04-19,2331.66,2335.99,2311.66,2325.04
000016,2017-03-21,2352.21,2358.55,2348.87,2357.14
000016,2017-03-20,2352.11,2355.53,2337.53,2350.07
000016,2017-03-17,2371.61,2373.54,2342.02,2346.96
000016,2017-03-16,2362.36,2376.51,2362.36,2369.19
000016,2017-03-15,2352.39,2357.85,2345.44,2357.31
000016,2017-03-14,2353.72,2359.31,2349.28,2354.90
000016,2017-03-13,2337.36,2355.22,2328.62,2354.89
000016,2017-03-10,2343.31,2347.46,2336.32,2339.23
000016,2017-03-09,2352.75,2353.54,2334.34,2346.55
000016,2017-03-08,2353.62,2362.96,2351.70,2358.07
000016,2017-03-07,2349.62,2356.96,2347.17,2356.29
000016,2017-03-06,2346.04,2355.09,2342.52,2349.89
000016,2017-03-03,2347.91,2350.67,2338.85,2347.15
000016,2017-03-02,2376.97,2380.24,2354.14,2354.91
000016,2017-03-01,2371.65,2383.51,2368.62,2371.93
000016,2017-02-28,2369.47,2379.43,2366.24,2370.71
000016,2016-10-20,2222.63,2228.94,2218.97,2223.42
000016,2016-10-19,2222.78,2230.83,2217.63,2221.53
000016,2016-10-18,2189.93,2224.34,2189.93,2222.78
000016,2016-10-17,2207.35,2209.14,2189.27,2192.88
000016,2016-10-14,2199.56,2211.09,2196.26,2209.81
000016,2016-10-13,2201.34,2204.89,2194.60,2202.12
000016,2016-10-12,2205.44,2205.44,2196.85,2201.00
000016,2016-10-11,2205.35,2212.43,2202.12,2209.23
000016,2016-10-10,2187.65,2204.33,2185.47,2202.87
000016,2017-04-18,2352.51,2352.79,2336.77,2337.35
000016,2017-04-17,2348.75,2359.18,2334.89,2357.52
000016,2017-04-14,2367.78,2368.80,2344.61,2355.52
000016,2017-04-13,2369.61,2373.37,2364.44,2368.11
000016,2017-04-12,2378.93,2385.61,2362.43,2378.86
000016,2017-04-11,2374.92,2385.05,2354.02,2382.11
000016,2017-04-10,2388.56,2391.95,2377.43,2379.16
000016,2017-04-07,2390.91,2394.05,2379.33,2388.27
000016,2017-04-06,2384.43,2395.12,2376.15,2390.39
000016,2017-02-27,2384.92,2387.82,2365.47,2370.56
000016,2017-02-24,2385.05,2390.39,2377.10,2389.88
000016,2017-02-23,2397.56,2402.57,2379.56,2387.42
000016,2017-02-22,2397.49,2399.40,2389.06,2398.19
000016,2017-02-21,2396.22,2410.35,2393.37,2396.88
000016,2017-02-20,2361.76,2395.53,2361.51,2394.12
000016,2017-02-17,2378.66,2389.32,2361.00,2362.71
000016,2017-02-16,2373.31,2378.45,2366.16,2376.76
000016,2017-02-15,2375.62,2385.12,2369.43,2372.19
000016,2017-02-14,2381.10,2381.63,2367.05,2373.51
000016,2017-02-13,2369.70,2382.92,2369.49,2379.31
000016,2017-02-10,2357.59,2374.48,2357.21,2368.18
000016,2017-02-09,2345.84,2364.14,2343.73,2354.90
000016,2017-02-08,2334.68,2347.10,2323.91,2346.43
000016,2017-02-07,2343.66,2347.36,2331.78,2337.53
000016,2017-02-06,2346.44,2351.56,2336.90,2343.97
000016,2017-02-03,2367.53,2368.91,2338.20,2339.99
000016,2017-01-26,2359.43,2371.93,2359.43,2364.02
000016,2017-01-25,2349.52,2358.95,2345.70,2358.70
000016,2017-01-24,2347.50,2357.17,2343.46,2352.42
000016,2017-01-23,2350.55,2358.47,2340.53,2347.10
000016,2017-01-20,2334.49,2350.26,2333.47,2347.18
000016,2017-01-19,2335.66,2349.64,2330.34,2334.96
000016,2017-04-05,2369.49,2384.68,2365.34,2384.26
000016,2017-01-18,2330.14,2349.39,2327.93,2342.78
000016,2017-01-17,2326.01,2332.84,2320.03,2329.60
000016,2017-01-16,2303.32,2343.27,2282.24,2337.39
000016,2017-01-13,2293.47,2315.21,2291.06,2308.06
000016,2017-01-12,2299.49,2310.78,2294.32,2295.40
000016,2017-01-11,2311.92,2317.66,2299.31,2300.47
000016,2017-01-10,2316.16,2321.00,2309.94,2312.60
000016,2017-01-09,2308.44,2321.69,2307.16,2318.34
000016,2017-01-06,2323.01,2326.43,2308.37,2308.94
000016,2017-01-05,2322.42,2326.18,2317.89,2322.68
000016,2017-01-04,2305.91,2324.56,2304.17,2322.21
000016,2017-01-03,2285.27,2311.29,2285.27,2307.89
000300,2016-06-30,3152.83,3163.72,3148.20,3153.92
000300,2016-06-29,3142.48,3158.08,3139.13,3151.39
000300,2016-06-28,3107.40,3139.43,3099.70,3136.40
000300,2016-06-27,3065.13,3120.64,3064.97,3120.54
000300,2017-03-31,3434.82,3456.31,3430.82,3456.05
000300,2016-06-24,3110.65,3130.54,3033.97,3077.16
000300,2016-06-23,3129.72,3129.72,3102.48,3117.32
000300,2016-06-22,3100.45,3134.06,3096.99,3133.96
000300,2016-06-21,3124.90,3155.49,3097.94,3106.32
000300,2016-06-20,3114.91,3118.73,3089.71,3112.67
000300,2016-06-17,3096.09,3131.05,3096.09,3110.36
000300,2016-06-16,3104.36,3112.48,3089.48,3094.67
000300,2016-06-15,3043.96,3128.67,3042.23,3116.37
000300,2016-06-14,3058.44,3078.75,3055.66,3075.98
000300,2016-06-13,3134.05,3145.61,3065.77,3066.34
000300,2016-06-08,3171.81,3174.97,3148.35,3163.99
000300,2016-06-07,3182.44,3186.62,3168.18,3177.05
000300,2016-06-06,3192.78,3197.22,3168.55,3178.79
000300,2016-06-03,3172.95,3201.75,3162.09,3189.33
000300,2016-06-02,3158.03,3168.82,3151.07,3167.10
000300,2016-06-01,3172.96,3181.79,3159.82,3160.55
000300,2016-05-31,3068.60,3170.93,3068.60,3169.56
000300,2017-03-30,3461.62,3467.30,3422.37,3436.76
000300,2017-03-29,3472.97,3483.06,3455.55,3465.19
000300,2017-03-28,3480.25,3482.29,3461.47,3469.81
000300,2017-03-27,3488.76,3505.98,3474.52,3478.04
000300,2017-03-24,3464.20,3499.32,3461.11,3489.60
000300,2017-03-23,3452.41,3470.82,3435.69,3461.98
000300,2017-03-22,3450.75,3464.33,3433.50,3450.05
000300,2017-03-21,3449.77,3466.70,3445.64,3466.35
000300,2017-03-20,3449.05,3454.06,3429.83,3449.61
000300,2017-03-17,3485.31,3488.50,3441.47,3445.81
000300,2017-03-16,3472.27,3492.13,3472.27,3481.51
000300,2017-03-15,3452.21,3463.92,3445.27,3463.64
000300,2017-03-14,3456.66,3465.39,3448.90,3456.69
000300,2017-03-13,3425.67,3458.10,3412.69,3458.10
000300,2017-03-10,3423.98,3436.24,3423.94,3427.89
000300,2017-03-09,3442.90,3443.05,3414.68,3426.94
000300,2017-03-08,3452.20,3457.04,3441.26,3448.73
000300,2017-03-07,3446.16,3454.04,3440.06,3453.96
000300,2017-03-06,3427.25,3449.03,3425.90,3446.48
000300,2017-03-03,3424.66,3428.88,3412.83,3427.86
000300,2017-03-02,3463.48,3468.47,3434.00,3435.10
000300,2017-03-01,3452.21,3472.70,3449.11,3458.44
000300,2017-02-28,3445.03,3460.91,3441.36,3452.81
000300,2017-02-27,3471.13,3472.84,3441.39,3446.22
000300,2016-05-30,3056.31,3075.26,3037.66,3066.71
000300,2016-05-27,3059.73,3073.76,3052.18,3062.50
000300,2016-05-26,3056.60,3072.52,3027.44,3064.21
000300,2016-05-25,3079.75,3089.10,3054.87,3059.23
000300,2016-05-24,3083.24,3083.26,3052.59,3063.56
000300,2016-05-23,3078.52,3098.48,3076.50,3087.22
000300,2017-02-24,3468.96,3473.85,3455.25,3473.85
000300,2017-02-23,3487.57,3492.96,3460.12,3473.32
000300,2017-02-22,3483.20,3489.95,3473.52,3489.76
000300,2017-02-21,3475.06,3490.09,3472.02,3482.82
000300,2017-02-20,3421.64,3472.60,3421.64,3471.39
000300,2017-02-17,3443.62,3457.56,3419.61,3421.44
000300,2017-02-16,3421.83,3440.93,3418.35,3440.93
000300,2016-05-20,3047.78,3078.53,3041.52,3078.22
000300,2016-05-19,3060.34,3086.98,3058.15,3062.50
000300,2016-05-18,3071.53,3072.61,3039.46,3068.04
000300,2016-05-17,3095.52,3105.20,3073.46,3086.02
000300,2017-02-15,3435.39,3448.03,3417.08,3421.71
000300,2017-02-14,3438.51,3440.67,3424.40,3435.80
000300,2017-02-13,3416.92,3439.54,3416.87,3436.28
000300,2017-02-10,3398.32,3422.33,3398.03,3413.49
000300,2017-02-09,3381.90,3406.59,3379.79,3396.29
000300,2017-02-08,3361.78,3383.69,3347.43,3383.29
000300,2017-02-07,3371.77,3376.71,3354.63,3365.68
000300,2017-02-06,3368.11,3381.33,3358.75,3373.21
000300,2017-02-03,3390.93,3392.48,3362.57,3364.49
000300,2017-01-26,3378.26,3395.88,3378.26,3387.96
000300,2017-01-25,3361.66,3376.44,3357.22,3375.90
000300,2017-01-24,3363.14,3371.32,3355.90,3364.45
000300,2017-01-23,3359.05,3378.74,3355.85,3364.08
000300,2017-01-20,3326.98,3358.41,3326.37,3354.89
000300,2017-01-19,3330.95,3346.50,3324.68,3329.29
000300,2017-01-18,3323.34,3350.96,3320.41,3339.37
000300,2017-01-17,3305.60,3327.38,3292.20,3326.36
000300,2017-01-16,3314.15,3322.78,3264.21,3319.45
000300,2016-05-16,3064.53,3095.56,3053.66,3095.31
000300,2016-05-13,3081.68,3103.10,3064.69,3074.94
000300,2016-05-12,3059.38,3095.35,3035.02,3090.14
000300,2016-05-11,3080.64,3102.88,3063.09,3082.81
000300,2016-05-10,3055.21,3084.72,3055.18,3069.11
000300,2016-05-09,3115.43,3115.43,3055.01,3065.62
000300,2016-05-06,3213.14,3216.89,3130.15,3130.35
000300,2016-05-05,3204.17,3217.28,3196.57,3213.92
000300,2016-05-04,3203.47,3222.88,3198.29,3209.46
000300,2016-05-03,3159.82,3218.49,3151.40,3213.54
000300,2016-04-29,3153.54,3171.29,3149.40,3156.75
000300,2016-04-28,3169.33,3174.77,3135.64,3160.58
000300,2016-04-27,3181.93,3188.83,3162.69,3165.92
000300,2017-01-13,3317.96,3338.17,3309.37,3319.91
000300,2017-01-12,3332.69,3343.13,3315.96,3317.62
000300,2017-01-11,3355.80,3366.63,3334.30,3334.50
000300,2017-01-10,3361.64,3370.51,3354.09,3358.27
000300,2017-01-09,3345.75,3366.22,3344.35,3363.90
000300,2017-01-06,3366.85,3368.87,3346.89,3347.67
000300,2017-01-05,3368.34,3373.41,3361.46,3367.79
000300,2017-01-04,3340.56,3369.57,3338.15,3368.31
000300,2017-01-03,3313.95,3345.26,3313.95,3342.23
000300,2016-04-26,3159.77,3181.10,3150.40,3179.16
000300,2016-04-25,3164.74,3172.27,3137.11,3162.03
000300,2016-04-22,3142.56,3175.38,3137.99,3174.90
000300,2016-04-21,3160.80,3198.56,3150.94,3160.60
000300,2016-04-20,3244.14,3248.42,3107.37,3181.03
000300,2016-04-19,3243.97,3250.73,3221.58,3238.30
000300,2016-04-18,3252.67,3252.67,3221.66,3228.45
000300,2016-04-15,3279.86,3282.98,3261.73,3272.21
000300,2016-04-14,3277.10,3286.07,3252.05,3275.83
000300,2016-04-13,3237.86,3296.52,3237.86,3261.38
000300,2016-04-12,3227.37,3232.26,3198.90,3218.45
000300,2016-04-11,3213.51,3251.57,3213.51,3230.10
000300,2016-04-08,3189.85,3197.77,3163.31,3185.73
000300,2016-04-07,3266.29,3270.82,3208.64,3209.29
000300,2016-04-06,3250.52,3267.64,3236.20,3257.53
000300,2016-04-05,3211.30,3271.93,3205.21,3264.49
000300,2016-04-01,3213.67,3222.61,3165.86,3221.89
000300,2016-03-31,3229.20,3241.93,3208.66,3218.09
000300,2016-03-30,3161.29,3216.68,3161.29,3216.28
000300,2016-03-29,3171.31,3178.07,3122.76,3135.41
000300,2016-03-28,3206.95,3229.62,3161.88,3169.73
000300,2016-03-25,3176.81,3204.44,3174.32,3197.82
000300,2016-03-24,3211.50,3221.91,3181.81,3181.85
000300,2016-03-23,3217.73,3242.25,3202.98,3236.09
000300,2016-03-22,3231.61,3249.68,3218.73,3225.79
000300,2016-03-21,3203.29,3267.78,3198.36,3249.44
000300,2016-03-18,3136.22,3197.67,3130.10,3171.96
000300,2016-03-17,3096.81,3147.84,3077.57,3124.20
000300,2016-03-16,3068.87,3100.35,3064.52,3090.03
000300,2016-03-15,3061.34,3077.08,3028.58,3074.78
000300,2016-03-14,3039.57,3106.80,3034.00,3065.69
000300,2016-03-11,2990.21,3026.44,2982.17,3018.28
000300,2016-03-10,3056.21,3074.16,3012.69,3013.15
000300,2016-03-09,3045.92,3072.92,3020.13,3071.91
000300,2016-03-08,3100.15,3109.25,3001.83,3107.67
000300,2016-03-07,3109.00,3130.90,3083.58,3104.84
000300,2016-03-04,3047.54,3101.66,3032.42,3093.89
000300,2016-03-03,3050.39,3078.44,3040.25,3058.42
000300,2016-03-02,2933.92,3054.72,2933.12,3051.33
000300,2016-03-01,2881.34,2950.44,2863.32,2930.69
000300,2016-02-29,2939.58,2939.87,2821.21,2877.47
000300,2016-02-26,2942.10,2964.39,2902.95,2948.03
000300,2016-02-25,3104.41,3104.44,2905.46,2918.75
000300,2016-02-24,3077.61,3109.55,3055.25,3109.55
000300,2016-02-23,3117.20,3119.22,3061.43,3089.36
000300,2016-02-22,3083.93,3128.21,3071.33,3118.87
000300,2016-02-19,3047.94,3065.97,3032.63,3051.59
000300,2016-02-18,3079.53,3093.51,3049.84,3053.70
000300,2016-02-17,3034.09,3065.78,3027.05,3063.32
000300,2016-02-16,2962.19,3042.09,2962.19,3037.04
000300,2016-02-15,2888.43,2961.49,2886.02,2946.71
000300,2016-02-05,2982.06,2988.36,2962.85,2963.79
000300,2016-02-04,2960.33,2999.21,2960.21,2984.76
000300,2016-02-03,2931.29,2954.71,2909.90,2948.64
000300,2016-02-02,2901.53,2972.43,2901.51,2961.33
000300,2016-02-01,2939.04,2944.52,2869.56,2901.05
000300,2016-01-29,2855.60,2965.31,2854.37,2946.09
000300,2016-01-28,2909.33,2941.89,2841.84,2853.76
000300,2016-01-27,2953.18,2963.54,2839.29,2930.35
000300,2016-01-26,3099.60,3106.53,2934.65,2940.51
000300,2016-01-25,3129.03,3149.33,3105.10,3128.89
000300,2016-01-22,3114.90,3132.17,3053.96,3113.46
000300,2016-01-21,3136.38,3202.54,3081.35,3081.35
000300,2016-01-20,3204.22,3225.95,3154.43,3174.38
000300,2016-01-19,3132.70,3227.91,3119.22,3223.13
000300,2016-01-18,3068.23,3165.62,3066.73,3130.73
000300,2016-01-15,3200.89,3216.80,3101.05,3118.73
000300,2016-01-14,3076.65,3226.66,3072.04,3221.57
000300,2016-01-13,3240.48,3257.30,3155.88,3155.88
000300,2016-01-12,3214.82,3242.25,3174.55,3215.71
000300,2016-01-11,3303.13,3342.48,3192.45,3192.45
000300,2016-01-08,3371.87,3418.85,3237.93,3361.56
000300,2016-01-07,3481.15,3481.15,3284.74,3294.38
000300,2016-01-06,3482.41,3543.74,3468.47,3539.81
000300,2016-01-05,3382.18,3518.22,3377.28,3478.78
000300,2016-01-04,3725.86,3726.25,3468.95,3469.07
000300,2016-12-30,3302.60,3313.55,3295.75,3310.08
000300,2016-12-29,3297.04,3312.11,3288.10,3297.76
000300,2016-12-28,3315.75,3320.55,3293.17,3301.89
000300,2016-12-27,3319.21,3330.23,3315.83,3316.39
000300,2016-12-26,3293.22,3322.42,3267.05,3322.40
000300,2016-12-23,3333.40,3334.89,3300.88,3307.60
000300,2016-12-22,3335.12,3340.36,3322.72,3335.67
000300,2016-12-21,3313.75,3342.48,3313.75,3338.54
000300,2016-12-20,3328.30,3329.10,3289.27,3309.06
000300,2016-12-19,3342.34,3344.86,3325.00,3328.98
000300,2016-12-16,3335.36,3356.29,3330.49,3346.03
000300,2016-12-15,3363.86,3378.04,3327.14,3340.43
000300,2016-12-14,3399.41,3412.28,3378.27,3378.95
000300,2016-12-13,3394.21,3416.21,3370.60,3405.04
000300,2016-12-12,3489.27,3495.80,3400.79,3409.18
000300,2016-12-09,3464.87,3507.93,3461.76,3493.70
000300,2016-12-08,3481.81,3484.34,3466.51,3470.14
000300,2016-12-07,3458.37,3475.75,3445.76,3475.75
000300,2016-12-06,3466.24,3477.59,3456.81,3459.15
000300,2016-12-05,3473.69,3496.88,3457.34,3469.41
000300,2016-12-02,3559.77,3562.55,3516.79,3528.95
000300,2016-12-01,3543.96,3575.97,3543.25,3565.04
000300,2016-11-30,3557.64,3567.07,3527.02,3538.00
000300,2016-11-29,3525.90,3583.72,3521.38,3564.04
000300,2016-11-28,3538.68,3553.36,3528.32,3535.08
000300,2016-11-25,3490.04,3521.30,3463.95,3521.30
000300,2016-11-24,3468.81,3508.16,3467.01,3488.74
000300,2016-11-23,3473.89,3492.96,3465.76,3474.73
000300,2016-11-22,3443.22,3469.22,3443.22,3468.36
000300,2016-11-21,3412.65,3463.14,3412.08,3441.11
000300,2016-11-18,3437.49,3443.12,3413.27,3417.46
000300,2016-11-17,3423.47,3437.67,3412.88,3436.54
000300,2016-11-16,3432.43,3435.64,3419.24,3429.59
000300,2016-11-15,3428.87,3434.92,3415.99,3429.87
000300,2016-11-14,3409.22,3452.62,3408.14,3430.25
000300,2016-11-11,3387.95,3422.67,3382.89,3417.22
000300,2016-11-10,3374.91,3403.02,3374.91,3390.61
000300,2016-11-09,3370.60,3373.10,3322.08,3353.05
000300,2016-11-08,3367.70,3383.92,3361.13,3371.12
000300,2016-11-07,3353.44,3362.74,3342.31,3356.59
000300,2016-11-04,3362.21,3377.64,3348.43,3354.17
000300,2016-11-03,3326.90,3379.99,3324.84,3365.09
000300,2016-11-02,3350.71,3356.40,3331.38,3333.35
000300,2016-11-01,3338.71,3359.39,3334.46,3359.05
000300,2016-10-31,3332.41,3340.47,3317.33,3336.28
000300,2016-10-28,3347.14,3370.75,3337.29,3340.13
000300,2016-10-27,3351.46,3352.35,3335.13,3345.70
000300,2016-10-26,3365.20,3367.83,3349.57,3354.80
000300,2016-10-25,3367.48,3373.91,3356.59,3367.45
000300,2016-10-24,3332.51,3382.83,3330.97,3367.58
000300,2016-10-21,3315.72,3341.56,3309.18,3327.74
000300,2016-10-20,3317.18,3324.90,3312.17,3318.60
000300,2016-10-19,3323.30,3332.52,3309.83,3316.24
000300,2016-10-18,3272.68,3321.33,3272.68,3321.33
000300,2016-10-17,3305.96,3309.01,3271.54,3277.88
000300,2016-10-14,3298.73,3306.69,3285.73,3305.85
000300,2016-10-13,3299.16,3307.41,3292.40,3302.65
000300,2016-10-12,3299.14,3302.56,3289.75,3300.01
000300,2016-10-11,3296.87,3308.00,3292.88,3306.56
000300,2016-10-10,3265.36,3294.64,3258.96,3293.87
000905,2015-03-31,7280.15,7328.85,7214.48,7253.10
000905,2015-03-30,7180.06,7259.54,7180.06,7245.50
000905,2015-03-27,7076.49,7167.37,7060.43,7155.95
000905,2015-03-26,7104.04,7171.62,6995.65,7074.44
000905,2015-03-25,7051.82,7170.83,7001.51,7124.87
000905,2015-12-31,7745.64,7763.30,7617.39,7617.69
000905,2015-09-30,6139.14,6165.75,6066.83,6123.73
000905,2016-03-31,6164.28,6211.14,6133.60,6155.81
000905,2015-06-30,8302.18,8912.40,7882.33,8906.02
000905,2015-03-24,7042.93,7055.10,6801.55,7046.12
000905,2015-03-23,6891.92,7017.48,6891.92,7017.15
000905,2015-03-20,6789.06,6862.38,6786.34,6850.90
000905,2015-03-19,6733.12,6783.14,6687.44,6782.46
000905,2015-03-18,6624.39,6728.51,6612.46,6728.07
000905,2015-03-17,6547.39,6635.10,6525.83,6618.05
000905,2015-03-16,6369.20,6517.03,6369.20,6516.77
000905,2015-03-13,6271.82,6329.70,6271.82,6329.58
000905,2015-03-12,6273.69,6288.52,6220.63,6260.14
000905,2015-03-11,6275.17,6281.19,6236.79,6262.89
000905,2015-03-10,6214.52,6299.28,6205.92,6276.49
000905,2015-12-30,7693.02,7747.35,7664.28,7741.05
000905,2015-12-29,7591.71,7675.31,7545.35,7674.39
000905,2015-12-28,7815.38,7837.63,7603.36,7603.36
000905,2015-12-25,7759.84,7805.05,7738.87,7792.12
000905,2015-12-24,7760.38,7778.94,7635.78,7753.04
000905,2015-12-23,7859.13,7881.30,7756.33,7773.28
000905,2015-12-22,7811.00,7856.95,7752.70,7856.61
000905,2015-12-21,7698.44,7798.09,7692.10,7788.56
000905,2015-12-18,7708.34,7746.51,7650.56,7699.37
000905,2015-12-17,7570.67,7716.48,7570.67,7716.25
000905,2015-09-29,6114.48,6183.83,6065.85,6103.61
000905,2015-09-28,6118.23,6221.01,6020.46,6219.69
000905,2015-09-25,6294.20,6336.43,6064.72,6108.38
000905,2015-09-24,6250.09,6324.31,6227.39,6315.11
000905,2015-09-23,6192.33,6302.64,6162.97,6224.60
000905,2015-09-22,6264.06,6362.05,6215.57,6295.93
000905,2015-09-21,5966.29,6251.62,5943.59,6250.44
000905,2015-09-18,6007.46,6073.55,5934.10,6036.88
000905,2015-09-17,6057.87,6242.25,5965.41,5965.41
000905,2015-09-16,5722.53,6107.37,5704.12,6084.84
000905,2015-09-15,5886.27,5996.22,5689.97,5708.03
000905,2015-09-14,6535.26,6554.38,6018.44,6049.79
000905,2015-09-11,6423.52,6523.19,6385.31,6493.32
000905,2015-09-10,6434.53,6565.16,6407.12,6440.31
000905,2015-09-09,6408.67,6609.94,6380.25,6551.01
000905,2015-09-08,6096.01,6387.36,6014.57,6374.86
000905,2015-09-07,6187.69,6379.20,6094.49,6143.56
000905,2016-03-30,5981.42,6137.79,5981.42,6137.50
000905,2016-03-29,6029.94,6041.38,5875.07,5921.87
000905,2016-03-28,6114.77,6167.24,6017.49,6037.78
000905,2016-03-25,6006.67,6081.09,5996.54,6077.43
000905,2016-03-24,6062.76,6127.51,6008.54,6018.42
000905,2016-03-23,6054.22,6119.31,6031.27,6118.97
000905,2016-03-22,6045.84,6130.26,6013.05,6075.49
000905,2016-03-21,6016.69,6100.03,6001.32,6099.48
000905,2016-03-18,5774.30,5967.46,5768.91,5949.26
000905,2016-03-17,5589.22,5759.54,5579.73,5745.98
000905,2016-03-16,5662.44,5689.28,5531.33,5562.80
000905,2016-03-15,5672.75,5701.57,5609.00,5639.80
000905,2016-03-14,5568.46,5748.33,5568.46,5690.59
000905,2016-03-11,5460.54,5545.34,5433.32,5508.98
000905,2016-03-10,5617.42,5657.26,5517.02,5521.95
000905,2016-03-09,5627.14,5709.52,5583.07,5617.04
000905,2015-06-29,9267.03,9281.17,8339.33,8484.64
000905,2015-06-26,9571.56,9603.13,9059.36,9078.07
000905,2015-06-25,10298.56,10343.05,9771.89,9906.10
000905,2015-06-24,10136.25,10271.23,9950.62,10267.63
000905,2015-06-23,9951.78,10074.83,9333.91,10046.88
000905,2015-03-09,6113.58,6212.57,6080.54,6212.24
000905,2015-03-06,6214.33,6234.11,6129.62,6133.03
000905,2015-03-05,6212.66,6217.79,6161.38,6208.99
000905,2015-03-04,6114.69,6211.09,6114.21,6210.42
000905,2015-03-03,6124.28,6199.50,6099.13,6118.66
000905,2015-12-16,7522.73,7574.65,7503.09,7529.40
000905,2015-12-15,7448.71,7534.22,7447.11,7498.18
000905,2015-12-14,7224.81,7441.76,7210.41,7441.03
000905,2015-12-11,7320.16,7347.36,7253.84,7290.70
000905,2015-12-10,7374.36,7437.71,7332.98,7350.21
000905,2015-12-09,7369.11,7431.04,7322.87,7374.27
000905,2015-09-02,5878.21,6314.29,5866.66,6122.55
000905,2015-09-01,6507.88,6507.88,6161.03,6169.21
000905,2015-08-31,6791.42,6791.42,6578.35,6581.31
000905,2015-08-28,6554.76,6844.45,6512.70,6842.89
000905,2015-08-27,6344.96,6457.86,6099.17,6456.06
000905,2015-08-26,6470.00,6687.53,6165.11,6238.53
000905,2015-08-25,6496.11,6666.81,6467.81,6481.41
000905,2015-08-24,7255.30,7292.77,7003.66,7006.19
000905,2015-08-21,7884.31,8006.29,7583.70,7612.90
000905,2015-08-20,8255.93,8376.67,8049.51,8049.51
000905,2015-08-19,7865.64,8404.94,7667.32,8340.98
000905,2016-03-08,5751.39,5764.33,5538.15,5764.33
000905,2016-03-07,5686.69,5788.47,5681.85,5752.55
000905,2016-03-04,5755.12,5805.41,5542.98,5621.56
000905,2016-03-03,5757.36,5872.92,5745.62,5776.98
000905,2016-03-02,5464.73,5763.80,5462.74,5753.15
000905,2016-03-01,5361.79,5504.75,5294.54,5473.63
000905,2016-02-29,5618.51,5618.51,5286.34,5350.43
000905,2016-02-26,5668.33,5701.05,5517.63,5648.94
000905,2016-02-25,6097.42,6097.54,5604.10,5626.05
000905,2015-06-19,10475.92,10601.04,9968.99,9987.41
000905,2015-06-18,11093.30,11178.32,10714.33,10731.38
000905,2015-06-17,10865.39,11133.11,10497.69,11100.55
000905,2015-06-16,11205.75,11205.75,10768.62,10879.84
000905,2015-06-15,11589.95,11616.35,11304.04,11332.89
000905,2015-06-12,11424.33,11616.38,11400.65,11545.89
000905,2015-06-11,11220.07,11367.63,11155.95,11366.29
000905,2015-06-10,10947.49,11319.90,10830.33,11208.06
000905,2015-06-09,11009.88,11089.20,10861.58,11013.74
000905,2015-06-08,11157.18,11157.18,10860.39,11030.92
000905,2015-06-05,11117.36,11236.15,10887.17,11144.52
000905,2015-06-04,10986.42,11023.34,10269.04,10965.41
000905,2015-06-03,10973.96,11055.21,10674.07,10979.99
000905,2015-06-02,10592.75,10887.88,10541.28,10886.40
000905,2015-03-02,6064.82,6139.79,6039.25,6139.79
000905,2015-02-27,5974.36,6025.12,5970.68,6018.46
000905,2015-02-26,5903.26,5970.06,5897.72,5969.56
000905,2015-02-25,5926.23,5952.71,5887.37,5906.54
000905,2015-02-17,5888.87,5914.29,5877.95,5911.10
000905,2015-02-16,5786.15,5870.08,5786.04,5869.71
000905,2015-02-13,5709.16,5789.38,5709.16,5769.27
000905,2015-02-12,5647.55,5689.74,5640.86,5681.34
000905,2015-02-11,5587.64,5642.30,5587.44,5641.79
000905,2015-12-08,7555.46,7555.46,7398.56,7404.14
000905,2015-12-07,7526.22,7602.77,7476.19,7602.23
000905,2015-12-04,7533.61,7600.34,7464.28,7511.68
000905,2015-12-03,7413.22,7571.45,7412.66,7570.51
000905,2015-12-02,7423.50,7444.22,7201.66,7405.86
000905,2015-12-01,7403.94,7519.94,7358.37,7443.95
000905,2015-11-30,7388.28,7467.47,7035.55,7408.40
000905,2015-08-18,8842.16,8858.33,8140.91,8161.27
000905,2015-08-17,8613.29,8820.98,8582.83,8820.46
000905,2015-08-14,8599.77,8717.07,8548.34,8625.24
000905,2015-08-13,8287.77,8535.37,8237.89,8534.43
000905,2015-08-12,8342.61,8490.27,8320.05,8336.34
000905,2015-08-11,8402.32,8551.53,8356.52,8435.33
000905,2015-08-10,8106.12,8437.92,8079.88,8394.09
000905,2015-08-07,7874.42,8015.37,7855.68,8013.32
000905,2015-08-06,7660.58,7891.56,7633.29,7792.03
000905,2015-08-05,7933.32,8047.70,7773.92,7839.34
000905,2016-02-24,6041.75,6116.25,5975.14,6111.04
000905,2016-02-23,6102.51,6118.64,5982.21,6070.50
000905,2016-02-22,6055.68,6111.69,6029.46,6103.72
000905,2016-02-19,5939.70,6009.72,5919.68,5979.52
000905,2016-02-18,6009.75,6034.85,5945.20,5957.13
000905,2016-02-17,5889.50,5979.41,5854.22,5971.41
000905,2016-02-16,5694.75,5918.59,5694.75,5902.53
000905,2016-02-15,5485.72,5700.52,5482.80,5668.04
000905,2016-02-05,5734.48,5747.98,5662.44,5664.20
000905,2015-06-01,10067.53,10488.89,10067.53,10488.31
000905,2015-05-29,9846.39,10140.10,9433.09,9966.85
000905,2015-05-28,10501.36,10637.91,9860.55,9868.42
000905,2015-05-27,10421.30,10539.75,10192.18,10497.34
000905,2015-05-26,10117.73,10373.84,10046.24,10373.58
000905,2015-05-25,9717.51,10040.71,9659.32,10040.09
000905,2015-05-22,9756.53,9821.81,9547.42,9778.17
000905,2015-02-10,5502.73,5581.34,5500.54,5580.70
000905,2015-02-09,5526.14,5551.90,5492.55,5504.97
000905,2015-02-06,5640.03,5657.66,5510.76,5534.79
000905,2015-02-05,5741.19,5745.14,5654.22,5654.22
000905,2015-02-04,5720.98,5734.33,5680.83,5683.52
000905,2015-02-03,5627.40,5708.28,5627.40,5707.48
000905,2015-02-02,5568.44,5652.67,5539.52,5609.39
000905,2015-01-30,5708.28,5735.93,5631.57,5632.73
000905,2015-01-29,5692.39,5739.49,5670.51,5701.21
000905,2015-01-28,5756.68,5798.57,5722.49,5739.92
000905,2015-01-27,5767.74,5783.99,5670.43,5773.82
000905,2015-01-26,5644.03,5759.37,5636.20,5758.98
000905,2015-01-23,5697.84,5699.73,5611.07,5633.29
000905,2015-01-22,5617.61,5690.43,5610.09,5690.16
000905,2015-01-21,5490.84,5611.98,5490.53,5611.69
000905,2017-04-19,6390.33,6401.41,6285.99,6350.65
000905,2015-11-27,7839.31,7852.00,7317.65,7376.12
000905,2015-11-26,7962.17,7974.74,7859.63,7874.08
000905,2015-11-25,7803.29,7925.54,7795.16,7922.38
000905,2015-11-24,7739.09,7799.01,7635.78,7798.50
000905,2015-11-23,7816.85,7876.48,7710.05,7744.18
000905,2015-11-20,7741.68,7844.06,7720.16,7806.27
000905,2015-11-19,7553.00,7719.52,7538.28,7718.62
000905,2015-11-18,7655.33,7699.61,7504.99,7526.94
000905,2015-11-17,7787.08,7820.02,7635.92,7650.38
000905,2015-11-16,7438.41,7719.70,7431.74,7718.86
000905,2016-12-30,6255.62,6275.55,6241.72,6263.63
000905,2016-06-30,6127.99,6143.23,6090.90,6123.49
000905,2015-08-04,7548.03,7942.27,7532.83,7942.10
000905,2015-08-03,7605.90,7658.17,7370.04,7540.21
000905,2015-07-31,7692.48,7876.65,7634.54,7727.06
000905,2015-07-30,7979.57,8174.70,7766.46,7800.58
000905,2015-07-29,7765.95,8024.58,7472.63,8022.80
000905,2017-03-31,6374.57,6402.22,6365.45,6401.65
000905,2016-02-04,5631.32,5744.02,5631.32,5721.49
000905,2016-02-03,5520.64,5634.92,5482.22,5610.17
000905,2016-02-02,5407.71,5594.36,5407.67,5586.63
000905,2016-02-01,5458.60,5493.98,5319.70,5399.48
000905,2016-01-29,5262.46,5515.49,5248.22,5469.13
000905,2016-01-28,5441.74,5511.32,5257.08,5271.23
000905,2016-01-27,5604.17,5628.19,5240.65,5514.19
000905,2016-01-26,5966.70,5982.50,5573.83,5589.31
000905,2016-01-25,6034.08,6093.27,5976.34,6041.33
000905,2016-01-22,5954.36,6013.97,5799.71,5980.61
000905,2016-01-21,6031.17,6191.32,5886.88,5886.88
000905,2016-01-20,6161.23,6244.96,6095.72,6138.50
000905,2016-01-19,5965.36,6203.40,5956.23,6197.09
000905,2016-01-18,5768.76,6051.18,5765.15,5978.91
000905,2016-01-15,6078.62,6135.27,5852.24,5893.68
000905,2016-01-14,5734.61,6137.51,5726.88,6124.82
000905,2016-01-13,6168.99,6226.54,5924.04,5924.04
000905,2016-01-12,6126.67,6205.59,5994.64,6136.66
000905,2016-01-11,6435.89,6529.88,6128.22,6128.66
000905,2016-01-08,6618.08,6689.14,6222.59,6570.43
000905,2016-01-07,6937.42,6937.42,6454.97,6462.24
000905,2016-01-06,6916.53,7066.09,6878.65,7065.61
000905,2016-01-05,6663.73,7020.54,6627.64,6889.74
000905,2016-01-04,7615.51,7624.10,6983.29,6983.40
000905,2015-05-21,9320.84,9620.10,9320.23,9619.22
000905,2015-05-20,9176.03,9429.22,9173.40,9277.33
000905,2015-05-19,8927.39,9125.52,8904.19,9124.83
000905,2015-05-18,8725.41,8929.94,8698.90,8903.60
000905,2015-05-15,8790.01,8828.12,8626.23,8742.89
000905,2015-01-20,5303.18,5472.74,5303.18,5472.51
000905,2015-01-19,5359.47,5475.66,5222.04,5281.90
000905,2015-01-16,5459.19,5520.79,5454.24,5520.12
000905,2015-01-15,5380.45,5449.26,5380.34,5449.04
000905,2015-01-14,5404.37,5417.80,5350.17,5379.74
000905,2015-01-13,5333.97,5407.63,5333.97,5405.09
000905,2015-01-12,5386.58,5386.58,5303.73,5332.22
000905,2015-01-09,5424.50,5497.69,5409.06,5409.06
000905,2017-04-18,6452.92,6491.81,6416.17,6418.21
000905,2017-04-17,6500.95,6502.04,6426.28,6456.60
000905,2017-04-14,6623.45,6623.80,6522.79,6528.16
000905,2017-04-13,6569.24,6627.70,6562.76,6615.70
000905,2017-04-12,6625.88,6626.76,6571.48,6576.48
000905,2017-04-11,6566.84,6632.00,6531.53,6629.17
000905,2017-04-10,6575.46,6595.20,6556.08,6566.54
000905,2017-04-07,6554.26,6593.95,6544.24,6578.73
000905,2017-04-06,6554.75,6569.70,6535.04,6559.65
000905,2017-04-05,6450.90,6539.97,6450.90,6539.97
000905,2015-11-13,7601.15,7665.14,7478.41,7567.11
000905,2015-11-12,7712.64,7739.65,7579.67,7682.45
000905,2015-11-11,7589.66,7686.30,7556.37,7684.67
000905,2015-11-10,7517.41,7633.01,7486.85,7575.01
000905,2016-12-29,6261.87,6286.74,6242.98,6252.61
000905,2016-12-28,6288.73,6295.89,6257.10,6270.24
000905,2016-12-27,6291.65,6311.04,6284.04,6288.86
000905,2016-12-26,6260.34,6295.24,6194.27,6294.75
000905,2016-12-23,6339.35,6343.85,6277.66,6282.00
000905,2016-12-22,6341.20,6350.27,6313.86,6341.79
000905,2016-12-21,6311.06,6348.38,6311.06,6347.61
000905,2016-12-20,6314.61,6315.54,6275.31,6300.64
000905,2016-12-19,6319.86,6330.38,6297.37,6320.73
000905,2016-12-16,6279.28,6329.19,6273.00,6318.52
000905,2016-12-15,6216.14,6310.74,6211.27,6280.40
000905,2016-12-14,6269.08,6299.04,6216.95,6239.50
000905,2016-12-13,6235.56,6292.80,6190.39,6278.18
000905,2016-12-12,6512.96,6519.63,6241.61,6249.08
000905,2016-12-09,6519.39,6534.90,6500.21,6513.92
000905,2016-06-29,6130.58,6145.00,6100.08,6120.20
000905,2016-06-28,6018.91,6111.07,6012.05,6107.51
000905,2016-06-27,5864.73,6044.32,5864.61,6044.22
000905,2016-06-24,5967.52,6011.37,5748.84,5903.62
000905,2016-06-23,5998.67,6015.18,5933.68,5978.17
000905,2016-06-22,5901.15,6009.06,5895.91,6008.89
000905,2016-06-21,6023.92,6053.41,5888.36,5916.80
000905,2016-06-20,5965.82,5995.00,5908.48,5985.57
000905,2016-06-17,5937.32,6002.62,5918.19,5964.27
000905,2016-06-16,5945.49,5979.12,5909.69,5930.55
000905,2016-06-15,5701.39,5972.85,5692.81,5952.85
000905,2016-06-14,5723.99,5778.85,5700.52,5762.76
000905,2016-06-13,5943.73,5992.33,5746.00,5746.44
000905,2016-06-08,6037.41,6058.18,5972.74,6023.88
000905,2016-06-07,6048.32,6052.05,6010.35,6045.36
000905,2016-06-06,6051.95,6067.47,6008.93,6051.86
000905,2016-06-03,6016.95,6062.14,5992.32,6032.60
000905,2016-06-02,5961.72,6014.61,5955.35,6013.89
000905,2016-06-01,5957.18,6013.90,5949.64,5973.78
000905,2016-05-31,5721.83,5947.43,5721.83,5947.32
000905,2016-05-30,5706.00,5764.76,5655.64,5711.32
000905,2016-05-27,5728.90,5780.07,5712.48,5739.59
000905,2016-05-26,5705.07,5744.85,5598.66,5744.39
000905,2015-07-28,7514.15,7893.94,7261.61,7649.82
000905,2015-07-27,8240.68,8493.35,7791.60,7794.18
000905,2015-07-24,8580.65,8706.25,8348.42,8425.07
000905,2017-03-30,6467.06,6471.94,6369.12,6375.74
000905,2017-03-29,6504.25,6522.51,6461.54,6480.54
000905,2017-03-28,6509.04,6519.09,6483.64,6498.69
000905,2017-03-27,6545.45,6555.79,6510.44,6516.03
000905,2017-03-24,6509.23,6552.75,6500.07,6546.62
000905,2017-03-23,6502.13,6533.65,6445.81,6512.19
000905,2017-03-22,6486.30,6514.63,6459.98,6499.79
000905,2015-05-14,8829.83,8878.47,8725.30,8813.39
000905,2015-05-13,8719.58,8909.58,8643.43,8824.93
000905,2015-05-12,8595.08,8746.21,8564.66,8745.68
000905,2015-05-11,8292.63,8558.80,8242.10,8558.22
000905,2015-05-08,7989.34,8201.80,7983.83,8201.29
000905,2015-05-07,8043.01,8076.23,7886.36,7903.48
000905,2015-05-06,8220.60,8359.30,8012.48,8083.00
000905,2015-05-05,8501.12,8501.12,8160.66,8199.34
000905,2015-05-04,8493.96,8532.65,8381.37,8510.48
000905,2015-04-30,8460.39,8551.47,8458.60,8469.67
000905,2015-04-29,8248.32,8449.70,8204.73,8428.25
000905,2015-04-28,8533.67,8543.33,8187.16,8266.48
000905,2015-04-27,8503.57,8576.48,8413.23,8513.02
000905,2015-01-08,5482.39,5497.74,5418.01,5444.04
000905,2015-01-07,5471.40,5492.83,5436.92,5488.24
000905,2015-01-06,5389.90,5482.12,5354.34,5479.86
000905,2015-01-05,5338.75,5427.23,5314.34,5417.02
000905,2015-11-09,7415.76,7593.17,7350.86,7543.80
000905,2015-11-06,7284.87,7456.24,7284.71,7446.85
000905,2015-11-05,7277.10,7364.51,7225.65,7276.45
000905,2015-11-04,6953.87,7268.40,6953.87,7267.99
000905,2015-11-03,6956.89,6998.05,6860.44,6920.10
000905,2015-11-02,6936.37,7137.05,6914.15,6936.43
000905,2015-10-30,7088.81,7185.53,6984.50,7084.97
000905,2015-10-29,7097.19,7185.21,7011.86,7108.98
000905,2016-12-08,6561.72,6562.66,6522.96,6527.43
000905,2016-12-07,6493.00,6558.24,6481.92,6558.02
000905,2016-12-06,6496.16,6514.03,6484.98,6490.89
000905,2016-12-05,6462.26,6522.60,6451.08,6486.02
000905,2016-12-02,6617.87,6623.79,6520.97,6520.97
000905,2016-12-01,6593.59,6624.85,6593.07,6624.47
000905,2016-11-30,6605.36,6615.92,6568.80,6585.58
000905,2016-11-29,6658.36,6681.88,6619.04,6620.79
000905,2016-11-28,6667.27,6692.14,6650.92,6670.80
000905,2016-11-25,6620.22,6652.92,6531.37,6652.82
000905,2016-11-24,6635.22,6656.97,6607.03,6623.05
000905,2016-11-23,6668.25,6676.67,6617.78,6631.17
000905,2016-11-22,6619.85,6661.54,6617.07,6661.25
000905,2016-05-25,5780.27,5803.98,5691.61,5715.18
000905,2016-05-24,5800.00,5800.17,5701.66,5743.18
000905,2016-05-23,5752.15,5811.68,5752.08,5809.48
000905,2016-05-20,5619.94,5733.25,5600.49,5732.90
000905,2016-05-19,5628.73,5729.40,5628.65,5666.73
000905,2016-05-18,5743.03,5743.03,5563.06,5631.19
000905,2016-05-17,5814.10,5853.61,5763.51,5790.34
000905,2016-05-16,5692.61,5813.04,5665.21,5812.54
000905,2016-05-13,5708.63,5779.89,5677.94,5714.31
000905,2016-05-12,5647.07,5727.58,5559.69,5726.46
000905,2016-05-11,5770.35,5806.47,5700.10,5723.41
000905,2016-05-10,5728.11,5766.16,5697.09,5738.90
000905,2016-05-09,5910.12,5910.12,5714.12,5743.65
000905,2016-05-06,6208.44,6226.88,5961.46,5961.49
000905,2016-05-05,6159.73,6206.53,6133.38,6203.82
000905,2016-05-04,6144.57,6213.19,6136.30,6169.78
000905,2016-05-03,5991.83,6167.80,5960.94,6167.45
000905,2016-04-29,5963.91,6018.27,5953.13,5985.59
000905,2015-07-23,8330.47,8585.80,8288.84,8551.99
000905,2015-07-22,8207.17,8354.39,8075.60,8320.24
000905,2015-07-21,8011.90,8291.93,7937.63,8220.46
000905,2015-07-20,8025.10,8250.40,7931.65,8116.50
000905,2015-07-17,7629.78,8050.73,7620.16,7994.70
000905,2015-07-16,7342.83,7729.70,7078.71,7578.76
000905,2015-07-15,7836.08,7837.84,7391.96,7405.30
000905,2015-07-14,7854.00,8076.19,7772.39,7859.06
000905,2015-07-13,7563.38,7695.67,7502.55,7695.64
000905,2015-07-10,7101.82,7245.33,7081.35,7244.78
000905,2015-07-09,6525.12,6896.49,6525.12,6896.35
000905,2015-07-08,6444.67,6702.28,6444.25,6602.37
000905,2015-07-07,6977.55,7030.98,6763.12,6763.53
000905,2015-07-06,7842.43,7842.43,6883.61,7236.00
000905,2015-07-03,7530.27,7930.15,7249.31,7355.49
000905,2015-07-02,8369.49,8433.52,7787.10,7835.10
000905,2015-07-01,8808.51,9103.09,8385.43,8411.91
000905,2017-03-21,6494.77,6516.01,6484.69,6515.95
000905,2017-03-20,6484.54,6498.57,6451.35,6498.34
000905,2017-03-17,6543.56,6555.58,6480.29,6483.25
000905,2017-03-16,6499.83,6543.34,6499.83,6543.34
000905,2017-03-15,6486.30,6499.54,6471.72,6486.06
000905,2017-03-14,6508.37,6518.78,6480.08,6493.48
000905,2017-03-13,6444.56,6508.07,6412.71,6507.90
000905,2015-04-24,8321.33,8453.34,8256.20,8419.10
000905,2015-04-23,8371.85,8447.93,8275.13,8410.70
000905,2015-04-22,8180.12,8333.82,8179.30,8323.43
000905,2015-04-21,7852.52,8113.02,7846.61,8112.69
000905,2015-04-20,7967.03,8051.47,7801.03,7839.90
000905,2015-04-17,7979.35,8032.08,7925.74,7980.76
000905,2015-04-16,7705.46,7976.12,7607.40,7912.09
000905,2015-04-15,8093.13,8093.13,7786.93,7802.75
000905,2015-04-14,8129.73,8192.24,8039.95,8119.96
000905,2015-04-13,7994.25,8143.38,7977.00,8122.89
000905,2015-04-10,7727.01,7971.62,7683.80,7952.19
000905,2015-04-09,7818.20,7818.20,7483.28,7746.15
000905,2015-04-08,7908.77,7920.98,7674.07,7808.00
000905,2015-04-07,7728.91,7863.60,7728.80,7863.28
000905,2015-04-03,7532.15,7682.72,7494.36,7679.01
000905,2015-04-02,7463.91,7561.20,7447.12,7560.65
000905,2015-04-01,7258.83,7430.95,7258.74,7425.73
000905,2015-10-28,7179.99,7270.79,7019.61,7048.90
000905,2015-10-27,7123.08,7266.78,6900.44,7231.44
000905,2015-10-26,7223.16,7233.36,7088.57,7186.76
000905,2015-10-23,7015.62,7169.37,6988.55,7138.23
000905,2015-10-22,6708.21,6970.68,6700.62,6964.30
000905,2015-10-21,7159.13,7186.54,6689.27,6712.74
000905,2015-10-20,7033.21,7163.26,6996.56,7162.08
000905,2015-10-19,7072.36,7113.66,6951.80,7047.37
000905,2015-10-16,6979.68,7052.14,6883.20,7047.56
000905,2015-10-15,6694.07,6929.48,6694.07,6929.24
000905,2015-10-14,6772.46,6842.87,6709.35,6724.50
000905,2015-10-13,6672.66,6816.78,6650.62,6802.08
000905,2015-10-12,6505.91,6788.40,6501.76,6718.72
000905,2015-10-09,6369.75,6495.29,6353.04,6470.05
000905,2016-11-21,6597.17,6635.89,6591.98,6611.54
000905,2016-11-18,6632.63,6643.94,6592.84,6602.33
000905,2016-11-17,6633.31,6646.31,6596.90,6636.47
000905,2016-11-16,6647.53,6658.43,6630.12,6644.19
000905,2016-11-15,6622.88,6641.04,6602.28,6640.46
000905,2016-11-14,6568.66,6624.21,6566.05,6615.01
000905,2016-11-11,6539.36,6584.41,6527.45,6583.89
000905,2016-04-28,6014.13,6027.20,5888.06,5990.33
000905,2016-04-27,6051.44,6086.36,6005.16,6016.70
000905,2016-04-26,5971.81,6047.06,5958.40,6046.77
000905,2016-04-25,5997.21,5997.22,5897.74,5978.08
000905,2016-04-22,5930.53,6011.46,5915.31,6011.32
000905,2016-04-21,6000.30,6085.93,5960.50,5970.68
000905,2016-04-20,6331.87,6344.78,5923.43,6022.21
000905,2016-04-19,6314.58,6334.90,6262.61,6308.23
000905,2016-04-18,6343.70,6343.70,6241.98,6281.20
000905,2016-04-15,6403.25,6414.79,6345.55,6384.35
000905,2016-04-14,6375.49,6402.51,6324.46,6401.85
000905,2017-03-10,6436.76,6464.60,6436.64,6447.92
000905,2017-03-09,6484.58,6484.83,6425.00,6439.38
000905,2017-03-08,6519.97,6525.19,6478.55,6497.09
000905,2017-03-07,6517.85,6523.36,6491.26,6523.19
000905,2017-03-06,6457.59,6518.04,6457.59,6517.32
000905,2017-03-03,6417.39,6457.23,6398.88,6452.84
000905,2017-03-02,6476.11,6484.12,6431.44,6434.63
000905,2017-03-01,6446.44,6488.82,6440.81,6467.64
000905,2017-02-28,6425.00,6451.29,6414.78,6450.97
000905,2015-10-08,6322.54,6409.74,6281.53,6372.49
000905,2016-11-10,6501.64,6538.74,6501.64,6536.97
000905,2016-11-09,6504.41,6507.86,6380.57,6453.57
000905,2016-11-08,6487.65,6518.19,6476.44,6503.18
000905,2016-11-07,6461.00,6487.06,6437.74,6468.82
000905,2016-11-04,6482.60,6502.74,6449.56,6462.59
000905,2016-11-03,6442.35,6521.00,6436.91,6483.73
000905,2016-11-02,6494.98,6506.78,6450.05,6455.13
000905,2016-11-01,6457.00,6508.36,6450.02,6507.95
000905,2016-10-31,6441.43,6460.77,6408.27,6452.21
000905,2016-10-28,6512.04,6536.83,6455.15,6455.83
000905,2016-10-27,6522.89,6529.47,6488.36,6517.36
000905,2016-10-26,6561.16,6561.25,6511.66,6530.39
000905,2016-10-25,6543.47,6563.52,6536.94,6563.35
000905,2016-10-24,6479.55,6546.79,6472.94,6539.47
000905,2016-10-21,6498.99,6506.61,6424.44,6475.28
000905,2016-09-30,6292.08,6338.30,6289.47,6328.09
000905,2016-04-13,6292.57,6421.73,6292.57,6344.23
000905,2016-04-12,6299.47,6316.25,6182.82,6252.77
000905,2016-04-11,6226.38,6334.54,6226.38,6304.30
000905,2016-04-08,6176.86,6199.15,6087.10,6168.74
000905,2016-04-07,6344.37,6355.33,6228.97,6228.97
000905,2016-04-06,6262.60,6324.20,6243.11,6323.43
000905,2016-04-05,6136.69,6293.47,6117.18,6286.58
000905,2016-04-01,6129.72,6157.74,6022.97,6124.53
000905,2017-02-27,6476.38,6480.19,6417.78,6424.25
000905,2017-02-24,6466.18,6477.42,6445.07,6476.17
000905,2017-02-23,6470.62,6482.25,6435.75,6473.99
000905,2017-02-22,6432.75,6474.49,6431.41,6474.23
000905,2017-02-21,6390.51,6434.53,6386.90,6434.44
000905,2017-02-20,6307.23,6385.06,6307.23,6385.06
000905,2017-02-17,6356.09,6365.70,6300.51,6307.16
000905,2017-02-16,6308.32,6363.87,6306.51,6359.34
000905,2017-02-15,6367.64,6379.79,6301.01,6311.70
000905,2017-02-14,6366.94,6378.06,6346.59,6374.89
000905,2017-02-13,6341.73,6370.21,6331.96,6369.65
000905,2017-02-10,6329.68,6350.34,6320.25,6337.11
000905,2017-02-09,6288.88,6331.33,6285.73,6331.18
000905,2016-10-20,6495.83,6506.58,6474.78,6498.24
000905,2016-10-19,6518.74,6531.16,6476.56,6495.26
000905,2016-10-18,6409.74,6509.28,6409.74,6509.28
000905,2016-10-17,6478.51,6487.67,6394.49,6413.15
000905,2016-10-14,6476.26,6477.85,6423.58,6469.49
000905,2016-09-29,6288.92,6323.42,6288.92,6298.79
000905,2016-09-28,6300.85,6300.85,6266.75,6281.28
000905,2016-09-27,6229.82,6287.34,6200.57,6286.91
000905,2016-09-26,6363.93,6364.21,6239.87,6241.52
000905,2016-09-23,6397.33,6402.64,6369.22,6370.58
000905,2016-09-22,6381.16,6410.57,6377.17,6385.64
000905,2016-09-21,6342.00,6363.00,6335.39,6343.75
000905,2016-09-20,6344.71,6346.93,6319.76,6342.03
000905,2016-09-19,6292.81,6344.45,6292.81,6344.18
000905,2016-09-14,6286.62,6318.27,6260.65,6278.16
000905,2016-09-13,6324.74,6340.87,6284.04,6320.03
000905,2016-09-12,6362.77,6383.84,6283.82,6291.64
000905,2016-09-09,6518.68,6539.35,6470.90,6471.05
000905,2016-09-08,6489.62,6518.33,6478.65,6517.98
000905,2016-09-07,6490.33,6529.81,6483.09,6494.32
000905,2016-09-06,6392.61,6493.35,6345.69,6492.97
000905,2016-09-05,6372.62,6419.75,6372.62,6391.79
000905,2016-09-02,6371.49,6403.57,6320.48,6356.95
000905,2016-09-01,6434.26,6445.43,6380.90,6381.48
000905,2016-08-31,6422.80,6441.11,6390.70,6434.21
000905,2016-08-30,6428.97,6459.71,6413.71,6425.75
000905,2016-08-29,6409.12,6442.40,6398.78,6427.53
000905,2016-08-26,6395.77,6460.87,6395.73,6410.73
000905,2017-02-08,6248.47,6291.77,6219.02,6291.60
000905,2017-02-07,6254.20,6269.46,6223.54,6255.93
000905,2017-02-06,6206.54,6259.41,6195.50,6259.25
000905,2017-02-03,6227.46,6231.60,6190.83,6207.09
000905,2017-01-26,6183.16,6224.19,6183.16,6223.71
000905,2017-01-25,6156.78,6187.43,6152.14,6179.57
000905,2017-01-24,6167.84,6177.21,6154.07,6165.26
000905,2017-01-23,6130.44,6189.17,6130.20,6172.17
000905,2017-01-20,6037.56,6129.58,6034.97,6122.00
000905,2017-01-19,6054.73,6074.46,6029.64,6043.68
000905,2017-01-18,6067.17,6098.78,6049.97,6068.59
000905,2017-01-17,6006.08,6082.20,5957.04,6082.07
000905,2017-01-16,6184.13,6184.34,5872.40,6031.24
000905,2017-01-13,6272.79,6282.72,6182.10,6194.66
000905,2017-01-12,6325.62,6339.32,6269.20,6272.85
000905,2017-01-11,6381.70,6402.90,6331.51,6331.96
000905,2016-10-13,6480.93,6501.56,6468.13,6484.83
000905,2016-10-12,6463.81,6484.00,6452.41,6482.74
000905,2016-10-11,6451.04,6486.65,6443.75,6486.43
000905,2016-10-10,6364.52,6447.94,6345.33,6447.69
000905,2016-08-25,6398.56,6398.56,6312.65,6382.57
000905,2016-08-24,6432.88,6466.63,6415.70,6435.06
000905,2017-01-10,6412.76,6428.83,6388.92,6393.93
000905,2017-01-09,6365.39,6415.47,6357.36,6415.42
000905,2017-01-06,6398.86,6401.74,6364.89,6371.62
000905,2017-01-05,6391.58,6412.87,6385.12,6399.28
000905,2017-01-04,6321.75,6395.00,6314.13,6394.67
000905,2017-01-03,6273.82,6320.95,6273.75,6320.76
000905,2016-08-23,6414.98,6448.54,6380.92,6428.70
000905,2016-08-22,6499.75,6508.80,6419.56,6420.35
000905,2016-08-19,6485.72,6516.98,6451.61,6499.55
000905,2016-08-18,6485.93,6527.20,6466.40,6490.41
000905,2016-08-17,6462.05,6502.14,6437.26,6488.36
000905,2016-08-16,6449.91,6488.70,6446.24,6468.89
000905,2016-08-15,6309.41,6451.93,6289.72,6442.53
000905,2016-08-12,6218.35,6299.09,6204.96,6299.09
000905,2016-08-11,6304.78,6318.98,6226.31,6226.31
000905,2016-08-10,6336.54,6366.09,6314.51,6318.27
000905,2016-08-09,6283.29,6341.72,6281.07,6341.55
000905,2016-08-08,6191.65,6290.90,6152.58,6290.76
000905,2016-08-05,6231.53,6251.40,6202.86,6203.29
000905,2016-08-04,6194.20,6245.30,6174.24,6238.23
000905,2016-08-03,6154.47,6203.61,6140.83,6198.39
000905,2016-08-02,6100.75,6168.68,6099.25,6168.51
000905,2016-08-01,6179.20,6179.20,6046.40,6109.28
000905,2016-07-29,6239.85,6259.20,6183.16,6202.89
000905,2016-07-28,6220.92,6273.38,6148.86,6243.29
000905,2016-07-27,6499.34,6515.88,6154.46,6229.29
000905,2016-07-26,6410.82,6494.74,6410.82,6494.47
000905,2016-07-25,6383.56,6441.32,6374.26,6408.78
000905,2016-07-22,6437.88,6448.37,6385.25,6390.93
000905,2016-07-21,6414.80,6487.02,6405.60,6442.71
000905,2016-07-20,6429.69,6454.18,6404.15,6417.92
000905,2016-07-19,6407.03,6431.94,6355.48,6431.94
000905,2016-07-18,6426.86,6455.46,6379.06,6412.07
000905,2016-07-15,6459.63,6469.05,6409.80,6441.02
000905,2016-07-14,6437.28,6458.29,6410.40,6455.58
000905,2016-07-13,6413.81,6456.77,6392.40,6446.56
000905,2016-07-12,6309.82,6395.44,6248.93,6395.14
000905,2016-07-11,6320.06,6387.07,6306.13,6312.50
000905,2016-07-08,6308.06,6337.07,6276.83,6299.85
000905,2016-07-07,6291.06,6342.43,6256.27,6319.79
000905,2016-07-06,6250.49,6299.73,6231.54,6297.40
000905,2016-07-05,6244.39,6276.82,6226.30,6269.50
000905,2016-07-04,6079.58,6240.60,6078.63,6231.88
000905,2016-07-01,6133.72,6163.43,6095.85,6111.54
000300,2015-09-30,3195.90,3223.91,3186.77,3202.95
000300,2015-09-29,3197.22,3208.42,3159.04,3178.85
000300,2015-09-28,3226.61,3246.55,3186.51,3242.75
000300,2015-09-25,3272.67,3290.86,3201.91,3231.95
000300,2015-09-24,3278.90,3300.86,3255.90,3285.00
000300,2015-09-23,3290.07,3315.94,3253.33,3263.03
000300,2015-09-22,3312.37,3371.41,3303.18,3339.03
000300,2015-09-21,3222.60,3312.55,3211.93,3308.25
000300,2015-09-18,3254.44,3280.88,3227.83,3251.27
000300,2015-09-17,3287.66,3354.91,3237.00,3237.00
000300,2015-09-16,3149.16,3345.92,3131.37,3309.25
000300,2015-09-15,3208.74,3240.08,3131.98,3152.23
000300,2015-09-14,3367.64,3373.92,3187.57,3281.13
000300,2015-09-11,3349.88,3383.13,3315.48,3347.19
000300,2015-09-10,3349.28,3398.32,3337.31,3357.56
000300,2015-09-09,3344.82,3426.65,3330.29,3399.31
000300,2015-12-31,3760.90,3772.62,3727.33,3731.01
000300,2015-09-08,3221.79,3340.22,3170.81,3334.02
000300,2015-09-07,3347.29,3422.23,3240.24,3250.49
000300,2015-09-02,3220.85,3387.02,3213.64,3365.83
000300,2015-09-01,3296.53,3370.50,3190.58,3362.08
000300,2015-08-31,3307.40,3368.28,3205.54,3366.54
000300,2015-08-28,3246.24,3353.24,3223.62,3342.29
000300,2015-12-30,3762.91,3765.66,3726.28,3765.18
000300,2015-12-29,3723.05,3762.05,3710.48,3761.88
000300,2015-08-27,3092.81,3206.72,3028.40,3205.64
000300,2015-08-26,3062.57,3192.93,2952.01,3025.69
000300,2015-08-25,3070.01,3200.11,3019.56,3042.93
000300,2015-08-24,3454.60,3468.15,3266.55,3275.53
000300,2015-08-21,3714.29,3757.78,3578.18,3589.54
000300,2015-08-20,3848.40,3880.82,3761.45,3761.45
000300,2015-08-19,3748.27,3898.74,3668.19,3886.14
000300,2015-08-18,4084.31,4103.05,3816.55,3825.41
000300,2015-12-28,3847.53,3853.39,3727.63,3727.63
000300,2015-12-25,3832.09,3848.03,3813.20,3838.20
000300,2015-12-24,3858.14,3867.68,3787.08,3829.40
000300,2015-12-23,3877.87,3926.69,3862.97,3866.38
000300,2015-12-22,3872.10,3880.47,3841.59,3876.73
000300,2015-12-21,3762.10,3877.82,3759.99,3865.97
000300,2015-12-18,3754.96,3810.22,3750.93,3767.91
000300,2015-12-17,3712.78,3768.84,3709.85,3755.89
000300,2015-12-16,3703.95,3713.09,3677.45,3685.44
000300,2015-08-17,4058.11,4081.77,4009.99,4077.87
000300,2015-08-14,4097.92,4113.16,4056.73,4073.54
000300,2015-08-13,4010.01,4075.70,3967.82,4075.46
000300,2015-08-12,4025.67,4078.03,4015.36,4016.13
000300,2015-08-11,4083.59,4110.13,4042.00,4066.67
000300,2015-08-10,3947.47,4101.73,3932.84,4084.37
000300,2015-08-07,3866.43,3926.65,3857.91,3906.95
000300,2015-08-06,3802.93,3888.69,3793.24,3831.85
000300,2015-08-05,3937.62,3962.28,3858.66,3866.90
000300,2015-08-04,3827.37,3948.45,3801.03,3948.16
000300,2015-08-03,3766.07,3829.24,3742.58,3829.24
000300,2015-07-31,3777.16,3863.62,3757.99,3816.70
000300,2015-12-15,3707.73,3717.36,3679.23,3694.39
000300,2015-12-14,3573.88,3712.50,3571.00,3711.32
000300,2015-12-11,3605.37,3630.74,3578.15,3608.06
000300,2015-12-10,3634.37,3678.32,3615.99,3623.08
000300,2015-12-09,3613.42,3655.16,3611.49,3635.94
000300,2015-12-08,3668.84,3668.84,3619.45,3623.02
000300,2015-12-07,3681.58,3699.34,3658.58,3687.61
000300,2015-12-04,3719.73,3726.12,3667.29,3677.59
000300,2015-12-03,3709.55,3758.45,3693.14,3749.30
000300,2015-12-02,3587.76,3725.85,3573.40,3721.96
000300,2015-12-01,3562.32,3617.31,3536.12,3591.70
000300,2015-07-30,3915.78,3968.53,3802.88,3815.41
000300,2015-07-29,3839.96,3934.00,3769.19,3930.38
000300,2015-07-28,3690.97,3883.45,3627.42,3811.09
000300,2015-07-27,4097.80,4156.31,3817.17,3818.73
000300,2015-07-24,4255.20,4299.65,4154.62,4176.28
000300,2015-07-23,4158.93,4262.06,4148.82,4250.81
000300,2015-07-22,4148.56,4187.43,4094.71,4157.16
000300,2015-07-21,4109.76,4201.48,4081.70,4166.01
000300,2015-07-20,4157.06,4221.69,4106.39,4160.61
000300,2015-07-17,4023.76,4190.19,4000.23,4151.50
000300,2015-07-16,3949.64,4067.02,3856.32,3997.36
000300,2015-07-15,4068.88,4114.24,3899.51,3966.76
000300,2015-07-14,4178.63,4258.51,4062.50,4112.15
000300,2015-11-30,3554.89,3587.97,3455.07,3566.41
000300,2015-11-27,3739.10,3742.74,3534.39,3556.99
000300,2015-11-26,3795.25,3805.84,3756.82,3759.43
000300,2015-11-25,3747.76,3781.86,3735.72,3781.61
000300,2015-07-13,4132.23,4278.16,4072.43,4211.81
000300,2015-07-10,3916.27,4179.11,3887.55,4106.56
000300,2015-07-09,3621.68,3930.26,3537.83,3897.63
000300,2015-07-08,3651.06,3762.62,3612.25,3663.04
000300,2015-07-07,3877.85,3960.64,3743.62,3928.00
000300,2015-07-06,4218.27,4218.27,3832.47,3998.54
000300,2015-07-03,4017.20,4164.63,3785.90,3885.92
000300,2015-07-02,4287.73,4312.19,4000.06,4108.00
000300,2015-07-01,4408.98,4526.13,4235.70,4253.02
000300,2015-11-24,3745.76,3754.17,3702.74,3753.89
000300,2015-11-23,3774.44,3802.85,3743.41,3753.34
000300,2015-11-20,3778.88,3793.55,3757.03,3774.38
000300,2015-11-19,3725.62,3775.23,3714.68,3774.97
000300,2015-11-18,3760.46,3771.85,3706.31,3715.58
000300,2015-11-17,3790.43,3852.77,3750.16,3758.39
000300,2015-11-16,3682.74,3764.41,3680.07,3764.13
000300,2015-11-13,3756.20,3793.71,3727.59,3746.24
000300,2015-11-12,3841.74,3843.90,3771.27,3795.32
000300,2015-11-11,3828.45,3843.11,3781.41,3833.65
000300,2015-11-10,3806.67,3876.49,3798.82,3833.24
000300,2015-11-09,3796.38,3891.77,3796.38,3840.36
000300,2015-11-06,3698.34,3801.71,3694.66,3793.37
000300,2015-11-05,3630.78,3781.41,3627.30,3705.97
000300,2015-11-04,3477.16,3628.54,3477.16,3628.54
000300,2015-11-03,3484.72,3501.70,3452.62,3465.49
000300,2015-11-02,3489.23,3543.45,3474.71,3475.96
000300,2015-10-30,3530.22,3574.47,3497.57,3534.08
000300,2015-10-29,3539.98,3561.81,3507.97,3533.31
000300,2015-10-28,3575.81,3598.17,3517.21,3524.92
000300,2015-10-27,3569.45,3601.05,3486.10,3592.88
000300,2015-10-26,3614.70,3620.76,3561.19,3589.26
000300,2015-10-23,3536.84,3581.84,3515.82,3571.24
000300,2015-10-22,3453.20,3530.77,3442.31,3524.53
000300,2015-10-21,3580.84,3601.24,3417.41,3473.25
000300,2015-10-20,3527.88,3577.80,3510.44,3577.70
000300,2015-10-19,3548.95,3573.00,3502.51,3534.18
000300,2015-10-16,3508.52,3537.54,3487.10,3534.07
000300,2015-10-15,3403.39,3486.82,3402.32,3486.82
000300,2015-10-14,3431.14,3458.70,3403.23,3406.11
000300,2015-10-13,3422.48,3452.05,3413.97,3445.04
000300,2015-10-12,3351.14,3486.63,3347.25,3447.69
000300,2015-10-09,3302.36,3352.38,3293.97,3340.12
000300,2015-10-08,3324.98,3337.33,3294.61,3296.48
000300,2016-09-30,3240.18,3260.94,3239.04,3253.28
000300,2016-09-29,3234.86,3257.77,3234.80,3244.39
000300,2016-09-28,3243.65,3243.65,3228.00,3230.89
000300,2016-09-27,3214.87,3240.78,3214.44,3240.75
000300,2016-09-26,3267.69,3267.69,3220.28,3220.28
000300,2016-09-23,3292.28,3293.92,3275.03,3275.67
000300,2016-09-22,3281.47,3303.20,3277.98,3291.12
000300,2016-09-21,3257.71,3270.90,3254.32,3266.64
000300,2016-09-20,3264.66,3265.04,3252.39,3257.40
000300,2016-09-19,3242.74,3264.90,3242.74,3263.12
000300,2016-09-14,3245.74,3255.00,3231.34,3238.73
000300,2016-09-13,3265.34,3269.22,3246.39,3260.33
000300,2016-09-12,3271.87,3276.72,3234.57,3262.60
000300,2016-09-09,3339.37,3344.95,3318.04,3318.04
000300,2016-09-08,3338.01,3343.40,3328.23,3339.56
000300,2016-09-07,3344.07,3357.36,3337.75,3340.82
000300,2016-09-06,3322.02,3347.95,3300.13,3342.63
000300,2016-09-05,3321.01,3338.42,3314.63,3319.68
000300,2016-09-02,3298.72,3320.43,3295.76,3314.11
000300,2016-09-01,3326.74,3329.35,3301.21,3301.58
000300,2016-08-31,3310.57,3333.97,3304.66,3327.79
000300,2016-08-30,3310.32,3325.12,3304.60,3311.99
000300,2016-08-29,3306.57,3315.08,3297.07,3307.78
000300,2016-08-26,3312.50,3328.95,3301.74,3307.09
000300,2016-08-25,3314.08,3315.08,3279.81,3308.97
000300,2016-08-24,3341.93,3348.13,3323.73,3329.86
000300,2016-08-23,3332.62,3359.65,3324.96,3341.83
000300,2016-08-22,3364.68,3372.83,3335.47,3336.79
000300,2016-08-19,3358.56,3374.05,3341.19,3365.02
000300,2016-08-18,3369.95,3394.79,3349.69,3364.49
000300,2016-08-17,3377.77,3394.39,3356.92,3373.05
000300,2016-08-16,3403.38,3418.69,3372.02,3378.25
000300,2016-08-15,3303.47,3417.91,3302.38,3393.42
000300,2016-08-12,3231.81,3294.23,3231.14,3294.23
000300,2016-08-11,3239.56,3274.03,3232.61,3233.36
000300,2016-08-10,3255.18,3261.86,3242.75,3243.34
000300,2016-08-09,3232.60,3257.33,3229.17,3256.98
000300,2016-08-08,3199.57,3234.48,3187.25,3234.18
000300,2016-08-05,3201.35,3224.87,3192.86,3205.11
000300,2016-08-04,3190.55,3201.55,3170.42,3201.29
000300,2016-08-03,3179.68,3197.16,3173.54,3193.51
000300,2016-08-02,3173.76,3189.05,3165.54,3189.05
000300,2016-08-01,3196.43,3199.98,3156.75,3176.81
000300,2016-07-29,3217.19,3225.42,3198.68,3203.93
000300,2016-07-28,3204.46,3235.78,3195.27,3221.14
000300,2016-07-27,3270.08,3276.51,3157.41,3218.24
000300,2016-07-26,3228.23,3269.75,3228.01,3269.59
000300,2016-07-25,3220.17,3243.79,3218.14,3230.89
000300,2016-07-22,3251.24,3253.77,3220.89,3225.16
000300,2016-07-21,3238.34,3271.37,3238.30,3252.52
000300,2016-07-20,3246.86,3254.51,3232.26,3237.61
000300,2016-07-19,3260.43,3264.73,3226.20,3248.23
000300,2016-07-18,3269.71,3281.64,3251.77,3262.02
000300,2016-07-15,3278.84,3285.03,3265.29,3276.28
000300,2016-07-14,3277.48,3281.95,3259.07,3276.76
000300,2016-07-13,3274.02,3300.99,3271.78,3282.87
000300,2016-07-12,3201.91,3273.47,3200.30,3273.18
000300,2016-07-11,3199.04,3235.96,3197.63,3203.33
000300,2016-07-08,3199.75,3204.93,3183.96,3192.28
000300,2016-07-07,3206.55,3220.54,3190.12,3209.95
000300,2016-07-06,3197.62,3217.52,3183.45,3216.80
000300,2016-07-05,3199.16,3216.70,3198.00,3207.38
000300,2016-07-04,3136.39,3210.60,3134.02,3204.70
000300,2016-07-01,3156.93,3170.26,3148.29,3154.20
