000016,2016-03-31,2166.421,2171.793,2149.244,2156.541
000016,2016-03-30,2124.531,2160.497,2124.089,2157.530
000016,2016-03-29,2127.804,2133.809,2100.919,2106.862
000300,2016-12-30,3302.599,3313.550,3295.751,3310.081
000300,2016-06-30,3152.833,3163.721,3148.199,3153.921
000016,2016-09-30,2171.939,2182.607,2171.492,2177.352
000016,2016-06-30,2123.867,2130.978,2120.408,2122.633
000300,2016-03-31,3229.200,3241.927,3208.665,3218.088
000016,2016-12-30,2276.810,2286.992,2272.500,2286.898
000300,2016-09-30,3240.178,3260.941,3239.036,3253.285
000016,2016-03-28,2152.807,2166.922,2116.980,2123.035
000016,2016-03-25,2137.154,2156.804,2135.528,2149.204
000016,2016-03-24,2161.171,2161.171,2137.190,2137.590
000016,2016-03-23,2170.163,2186.020,2159.456,2175.283
000016,2016-03-22,2181.985,2196.368,2167.430,2173.256
000016,2016-03-21,2156.951,2214.643,2154.486,2193.385
000016,2016-03-18,2140.267,2165.147,2131.383,2141.177
000016,2016-03-17,2135.059,2156.891,2113.436,2131.481
000016,2016-03-16,2087.279,2142.160,2084.767,2136.128
000016,2016-03-15,2077.508,2105.038,2055.323,2101.117
000016,2016-03-14,2079.907,2117.831,2071.122,2078.410
000016,2016-03-11,2043.250,2071.091,2039.585,2070.724
000016,2016-03-10,2089.861,2102.986,2060.064,2061.451
000016,2016-03-09,2073.272,2112.859,2053.837,2111.919
000016,2016-03-08,2102.248,2118.042,2037.294,2115.158
000016,2016-03-07,2122.552,2133.557,2097.777,2107.673
000016,2016-03-04,2045.115,2128.569,2040.083,2122.269
000016,2016-03-03,2043.374,2057.163,2031.536,2053.273
000016,2016-03-02,1980.462,2045.825,1979.174,2043.407
000016,2016-03-01,1944.562,1988.567,1931.980,1973.194
000016,2016-02-29,1951.676,1953.318,1891.098,1944.611
000016,2016-02-26,1946.961,1965.915,1929.999,1955.395
000016,2016-02-25,2038.160,2038.181,1925.195,1932.602
000300,2016-12-29,3297.036,3312.113,3288.096,3297.765
000300,2016-12-28,3315.753,3320.547,3293.174,3301.889
000300,2016-06-29,3142.484,3158.076,3139.133,3151.390
000300,2016-06-28,3107.398,3139.430,3099.701,3136.401
000300,2016-06-27,3065.128,3120.641,3064.966,3120.544
000300,2016-06-24,3110.647,3130.539,3033.965,3077.155
000300,2016-06-23,3129.721,3129.721,3102.481,3117.317
000300,2016-06-22,3100.450,3134.061,3096.992,3133.961
000300,2016-06-21,3124.898,3155.493,3097.940,3106.318
000016,2016-09-29,2170.987,2183.171,2170.843,2175.370
000016,2016-09-28,2177.415,2177.415,2165.332,2166.723
000016,2016-09-27,2163.378,2176.767,2162.436,2176.448
000016,2016-09-26,2190.390,2190.390,2166.825,2167.264
000016,2016-09-23,2202.698,2203.663,2195.077,2196.290
000016,2016-09-22,2195.246,2210.793,2192.491,2200.698
000016,2016-09-21,2184.424,2191.813,2180.501,2187.154
000016,2016-09-20,2190.097,2190.717,2181.016,2184.207
000016,2016-09-19,2178.760,2191.215,2178.760,2189.461
000016,2016-09-14,2184.111,2187.954,2172.397,2176.523
000016,2016-09-13,2197.379,2199.240,2185.822,2193.193
000016,2016-09-12,2201.676,2202.905,2175.333,2199.976
000016,2016-09-09,2236.390,2241.610,2228.661,2229.310
000016,2016-09-08,2234.946,2239.168,2230.817,2236.626
000016,2016-09-07,2233.034,2246.372,2230.578,2236.546
000016,2016-09-06,2227.439,2241.525,2217.477,2232.451
000016,2016-06-29,2105.763,2124.293,2104.234,2122.970
000016,2016-06-28,2089.348,2104.479,2084.181,2102.053
000016,2016-06-27,2070.941,2096.199,2070.824,2095.893
000016,2016-06-24,2099.998,2112.609,2052.984,2076.300
000016,2016-06-23,2114.774,2114.774,2098.358,2105.532
000016,2016-06-22,2101.054,2116.297,2098.632,2115.769
000016,2016-06-21,2108.866,2130.900,2100.061,2104.558
000016,2016-06-20,2109.567,2110.886,2092.829,2104.220
000016,2016-06-17,2093.692,2115.417,2093.692,2102.201
000016,2016-06-16,2095.362,2105.253,2091.490,2094.815
000016,2016-06-15,2073.469,2115.376,2073.098,2106.631
000016,2016-06-14,2080.903,2098.064,2079.395,2095.023
000016,2016-06-13,2113.912,2122.460,2083.288,2084.300
000300,2016-03-30,3161.289,3216.676,3161.289,3216.275
000300,2016-03-29,3171.314,3178.075,3122.761,3135.410
000300,2016-03-28,3206.953,3229.624,3161.878,3169.728
000016,2016-12-29,2273.221,2282.194,2265.894,2275.106
000016,2016-12-28,2286.407,2289.807,2269.165,2277.176
000016,2016-12-27,2291.232,2300.160,2286.434,2286.962
000016,2016-12-26,2266.384,2295.694,2251.713,2294.709
000016,2016-12-23,2290.251,2291.723,2271.129,2278.478
000016,2016-12-22,2293.348,2298.189,2280.787,2292.041
000016,2016-12-21,2282.124,2304.601,2281.997,2297.371
000016,2016-12-20,2293.400,2295.114,2262.878,2279.683
000016,2016-12-19,2299.714,2303.685,2288.302,2291.384
000016,2016-12-16,2302.874,2315.537,2298.434,2302.315
000016,2016-12-15,2346.765,2354.352,2302.434,2309.816
000016,2016-12-14,2369.496,2384.562,2359.722,2360.379
000016,2016-12-13,2373.792,2382.443,2357.460,2372.931
000016,2016-12-12,2408.086,2423.393,2362.143,2387.159
000016,2016-12-09,2374.296,2422.777,2372.459,2411.314
000016,2016-12-08,2380.658,2387.173,2374.467,2379.001
000016,2016-12-07,2367.421,2377.304,2358.871,2376.919
000016,2016-12-06,2371.112,2382.196,2367.000,2368.682
000300,2016-09-29,3234.857,3257.767,3234.803,3244.387
000300,2016-09-28,3243.647,3243.647,3227.996,3230.890
000300,2016-09-27,3214.870,3240.776,3214.441,3240.755
000300,2016-09-26,3267.691,3267.691,3220.284,3220.284
000016,2016-02-24,2020.592,2041.883,2009.349,2041.388
000016,2016-02-23,2051.567,2051.567,2013.981,2029.522
000016,2016-02-22,2025.180,2064.610,2016.364,2053.863
000016,2016-02-19,2005.413,2013.781,1993.046,2004.107
000016,2016-02-18,2022.550,2034.161,2007.216,2009.273
000300,2016-12-27,3319.206,3330.232,3315.832,3316.385
000300,2016-12-26,3293.224,3322.421,3267.048,3322.401
000300,2016-12-23,3333.401,3334.894,3300.884,3307.599
000300,2016-12-22,3335.122,3340.363,3322.720,3335.672
000300,2016-12-21,3313.745,3342.476,3313.745,3338.536
000300,2016-12-20,3328.299,3329.102,3289.268,3309.064
000300,2016-12-19,3342.345,3344.858,3324.999,3328.983
000300,2016-12-16,3335.363,3356.292,3330.493,3346.031
000300,2016-12-15,3363.860,3378.037,3327.143,3340.434
000300,2016-12-14,3399.411,3412.280,3378.266,3378.945
000300,2016-12-13,3394.207,3416.215,3370.596,3405.036
000300,2016-12-12,3489.268,3495.802,3400.793,3409.179
000300,2016-06-20,3114.906,3118.725,3089.713,3112.674
000300,2016-06-17,3096.090,3131.049,3096.090,3110.357
000300,2016-06-16,3104.362,3112.476,3089.478,3094.675
000300,2016-06-15,3043.958,3128.673,3042.233,3116.368
000300,2016-06-14,3058.443,3078.749,3055.655,3075.983
000300,2016-06-13,3134.045,3145.606,3065.767,3066.341
000300,2016-06-08,3171.813,3174.972,3148.352,3163.986
000300,2016-06-07,3182.437,3186.617,3168.179,3177.054
000300,2016-06-06,3192.779,3197.220,3168.554,3178.788
000300,2016-06-03,3172.946,3201.749,3162.088,3189.326
000016,2016-09-05,2230.412,2240.494,2224.933,2228.718
000016,2016-09-02,2216.288,2231.455,2215.644,2229.893
000016,2016-09-01,2230.363,2235.649,2219.254,2220.403
000016,2016-08-31,2222.020,2237.659,2218.652,2232.712
000016,2016-08-30,2215.840,2229.834,2215.686,2224.062
000016,2016-06-08,2137.181,2138.847,2124.836,2132.963
000016,2016-06-07,2141.652,2145.714,2134.606,2139.069
000016,2016-06-06,2148.963,2151.059,2131.918,2136.323
000016,2016-06-03,2146.557,2157.068,2135.533,2152.637
000016,2016-06-02,2138.208,2144.319,2129.941,2137.652
000300,2016-03-25,3176.810,3204.442,3174.318,3197.817
000300,2016-03-24,3211.496,3221.906,3181.813,3181.851
000300,2016-03-23,3217.729,3242.247,3202.976,3236.092
000300,2016-03-22,3231.615,3249.677,3218.728,3225.790
000300,2016-03-21,3203.293,3267.775,3198.361,3249.437
000300,2016-03-18,3136.223,3197.668,3130.102,3171.963
000300,2016-03-17,3096.808,3147.841,3077.572,3124.204
000300,2016-03-16,3068.866,3100.352,3064.521,3090.033
000300,2016-03-15,3061.343,3077.085,3028.578,3074.780
000300,2016-03-14,3039.569,3106.800,3034.000,3065.690
000300,2016-03-11,2990.214,3026.437,2982.172,3018.284
000016,2016-12-05,2378.210,2386.434,2363.130,2375.258
000016,2016-12-02,2427.167,2430.833,2401.061,2416.508
000016,2016-12-01,2421.928,2448.667,2417.962,2431.306
000016,2016-11-30,2435.805,2444.954,2411.563,2419.414
000016,2016-11-29,2398.668,2455.429,2395.813,2441.579
000016,2016-11-28,2406.703,2427.593,2398.414,2403.135
000016,2016-11-25,2371.699,2394.708,2358.257,2393.946
000300,2016-09-23,3292.279,3293.916,3275.025,3275.667
000300,2016-09-22,3281.472,3303.199,3277.979,3291.121
000300,2016-09-21,3257.710,3270.902,3254.321,3266.636
000300,2016-09-20,3264.665,3265.035,3252.389,3257.403
000300,2016-09-19,3242.743,3264.900,3242.743,3263.124
000300,2016-09-14,3245.737,3254.995,3231.336,3238.730
000300,2016-09-13,3265.337,3269.222,3246.386,3260.333
000300,2016-09-12,3271.870,3276.716,3234.573,3262.604
000016,2016-02-17,1997.679,2020.084,1993.895,2014.443
000016,2016-02-16,1957.915,2005.416,1957.536,2000.903
000016,2016-02-15,1916.424,1958.220,1914.494,1948.275
000016,2016-02-05,1970.688,1979.391,1962.233,1967.260
000016,2016-02-04,1962.866,1983.252,1960.130,1974.236
000016,2016-02-03,1947.833,1955.089,1929.815,1952.367
000016,2016-02-02,1935.216,1978.286,1934.907,1969.616
000016,2016-02-01,1970.214,1973.100,1917.240,1937.073
000016,2016-01-29,1915.127,1986.721,1914.396,1973.005
000016,2016-01-28,1943.826,1960.946,1900.352,1912.721
000016,2016-01-27,1961.399,1972.164,1908.038,1953.465
000016,2016-01-26,2046.040,2050.446,1944.906,1951.614
000016,2016-01-25,2067.563,2074.895,2049.254,2065.444
000016,2016-01-22,2062.626,2074.166,2026.270,2061.962
000016,2016-01-21,2069.386,2112.734,2040.527,2040.978
000016,2016-01-20,2115.126,2124.151,2076.165,2088.723
000300,2016-12-09,3464.873,3507.928,3461.761,3493.700
000300,2016-12-08,3481.807,3484.340,3466.512,3470.143
000300,2016-12-07,3458.369,3475.747,3445.756,3475.747
000300,2016-12-06,3466.242,3477.590,3456.807,3459.153
000300,2016-12-05,3473.688,3496.884,3457.343,3469.407
000300,2016-06-02,3158.026,3168.824,3151.065,3167.100
000300,2016-06-01,3172.962,3181.793,3159.818,3160.547
000300,2016-05-31,3068.596,3170.926,3068.596,3169.560
000300,2016-05-30,3056.314,3075.261,3037.665,3066.710
000300,2016-05-27,3059.732,3073.756,3052.179,3062.499
000300,2016-05-26,3056.600,3072.524,3027.444,3064.211
000300,2016-05-25,3079.749,3089.102,3054.870,3059.226
000016,2016-08-29,2219.020,2220.127,2205.122,2214.259
000016,2016-08-26,2223.307,2232.294,2215.625,2219.308
000016,2016-08-25,2224.513,2225.999,2205.011,2222.152
000016,2016-08-24,2242.909,2244.879,2227.556,2232.213
000016,2016-08-23,2235.391,2256.328,2232.444,2241.952
000016,2016-06-01,2155.504,2158.715,2138.557,2138.963
000016,2016-05-31,2092.216,2158.122,2092.216,2155.656
000016,2016-05-30,2076.933,2093.774,2065.635,2092.161
000016,2016-05-27,2075.207,2080.489,2069.518,2074.920
000016,2016-05-26,2070.237,2083.057,2062.170,2076.137
000016,2016-05-25,2079.482,2084.134,2068.681,2071.907
000016,2016-05-24,2080.014,2080.069,2062.498,2066.643
000016,2016-05-23,2082.972,2095.169,2077.937,2082.412
000300,2016-03-10,3056.210,3074.160,3012.691,3013.146
000300,2016-03-09,3045.924,3072.916,3020.134,3071.907
000300,2016-03-08,3100.149,3109.250,3001.829,3107.673
000300,2016-03-07,3108.999,3130.903,3083.584,3104.840
000300,2016-03-04,3047.537,3101.656,3032.424,3093.890
000300,2016-03-03,3050.389,3078.444,3040.246,3058.422
000300,2016-03-02,2933.921,3054.724,2933.116,3051.333
000300,2016-03-01,2881.335,2950.436,2863.323,2930.694
000300,2016-02-29,2939.580,2939.875,2821.215,2877.467
000300,2016-02-26,2942.095,2964.385,2902.948,2948.031
000300,2016-02-25,3104.410,3104.436,2905.457,2918.750
000300,2016-02-24,3077.606,3109.545,3055.251,3109.545
000016,2016-11-24,2356.847,2382.952,2355.801,2368.734
000016,2016-11-23,2355.316,2375.812,2352.396,2360.336
000016,2016-11-22,2334.685,2357.574,2334.685,2353.002
000016,2016-11-21,2304.768,2350.755,2304.768,2334.678
000016,2016-11-18,2318.896,2323.723,2304.551,2307.274
000016,2016-11-17,2306.409,2317.537,2297.736,2316.721
000016,2016-11-16,2312.498,2314.846,2302.143,2309.943
000300,2016-09-09,3339.373,3344.951,3318.044,3318.044
000300,2016-09-08,3338.008,3343.395,3328.226,3339.564
000300,2016-09-07,3344.066,3357.357,3337.751,3340.817
000300,2016-09-06,3322.018,3347.951,3300.126,3342.626
000300,2016-09-05,3321.005,3338.420,3314.629,3319.680
000300,2016-09-02,3298.722,3320.425,3295.755,3314.114
000300,2016-09-01,3326.739,3329.346,3301.213,3301.577
000300,2016-08-31,3310.565,3333.973,3304.655,3327.794
000300,2016-08-30,3310.319,3325.122,3304.597,3311.987
000300,2016-08-29,3306.575,3315.079,3297.070,3307.781
000300,2016-08-26,3312.499,3328.945,3301.736,3307.090
000300,2016-08-25,3314.085,3315.081,3279.806,3308.972
000016,2016-01-19,2075.186,2135.362,2060.281,2128.574
000016,2016-01-18,2040.406,2092.402,2039.051,2069.275
000016,2016-01-15,2119.562,2128.948,2058.697,2070.928
000016,2016-01-14,2056.408,2136.063,2052.296,2132.076
000016,2016-01-13,2152.717,2157.508,2104.931,2105.507
000016,2016-01-12,2135.939,2151.399,2115.365,2131.368
000016,2016-01-11,2182.846,2202.323,2119.702,2120.234
000016,2016-01-08,2225.475,2257.410,2154.582,2219.612
000016,2016-01-07,2281.881,2281.934,2171.315,2180.589
000016,2016-01-06,2284.923,2321.169,2274.468,2317.647
000016,2016-01-05,2230.080,2309.594,2223.052,2288.113
000016,2016-01-04,2417.025,2417.025,2269.967,2270.461
000300,2016-12-02,3559.771,3562.550,3516.788,3528.955
000300,2016-12-01,3543.956,3575.970,3543.245,3565.036
000300,2016-11-30,3557.636,3567.069,3527.023,3538.001
000300,2016-11-29,3525.901,3583.719,3521.379,3564.040
000300,2016-11-28,3538.675,3553.360,3528.320,3535.081
000300,2016-11-25,3490.040,3521.303,3463.948,3521.298
000300,2016-11-24,3468.807,3508.165,3467.011,3488.740
000300,2016-11-23,3473.895,3492.956,3465.764,3474.729
000300,2016-11-22,3443.220,3469.219,3443.220,3468.364
000300,2016-11-21,3412.652,3463.142,3412.080,3441.111
000300,2016-05-24,3083.244,3083.257,3052.591,3063.556
000300,2016-05-23,3078.515,3098.478,3076.504,3087.223
000300,2016-05-20,3047.778,3078.532,3041.517,3078.218
000300,2016-05-19,3060.343,3086.977,3058.145,3062.500
000300,2016-05-18,3071.529,3072.612,3039.462,3068.036
000300,2016-05-17,3095.523,3105.201,3073.459,3086.025
000300,2016-05-16,3064.526,3095.555,3053.662,3095.309
000300,2016-05-13,3081.680,3103.096,3064.691,3074.935
000300,2016-05-12,3059.383,3095.349,3035.023,3090.137
000300,2016-05-11,3080.636,3102.877,3063.088,3082.809
000300,2016-05-10,3055.212,3084.725,3055.183,3069.112
000300,2016-05-09,3115.430,3115.430,3055.006,3065.615
000016,2016-08-22,2249.080,2253.595,2235.012,2237.128
000016,2016-08-19,2241.673,2254.490,2230.330,2249.342
000016,2016-08-18,2253.117,2274.455,2235.046,2244.720
000016,2016-08-17,2260.926,2270.371,2241.943,2253.736
000016,2016-08-16,2293.811,2302.331,2253.415,2257.699
000016,2016-08-15,2227.079,2310.277,2225.622,2287.656
000016,2016-08-12,2177.802,2222.690,2175.854,2222.488
000016,2016-08-11,2168.133,2205.876,2168.133,2177.064
000016,2016-08-10,2175.134,2179.612,2169.130,2170.103
000016,2016-08-09,2159.310,2176.696,2157.764,2175.345
000016,2016-08-08,2147.696,2159.952,2137.517,2159.673
000016,2016-08-05,2142.335,2159.138,2137.312,2148.682
000016,2016-05-20,2067.464,2083.512,2064.442,2083.117
000016,2016-05-19,2072.367,2083.132,2069.903,2073.804
000016,2016-05-18,2067.716,2081.851,2053.716,2078.759
000016,2016-05-17,2081.569,2083.853,2069.273,2075.465
000016,2016-05-16,2068.924,2082.865,2064.679,2082.616
000016,2016-05-13,2079.645,2089.835,2072.260,2076.188
000016,2016-05-12,2067.747,2089.649,2055.511,2084.838
000016,2016-05-11,2078.287,2089.117,2068.650,2078.413
000016,2016-05-10,2061.989,2084.697,2061.989,2072.382
000300,2016-02-23,3117.203,3119.221,3061.429,3089.363
000300,2016-02-22,3083.933,3128.207,3071.329,3118.868
000300,2016-02-19,3047.942,3065.968,3032.634,3051.585
000016,2016-11-15,2315.798,2319.068,2306.230,2310.901
000016,2016-11-14,2304.607,2338.580,2303.966,2317.773
000016,2016-11-11,2285.610,2315.961,2284.288,2308.429
000016,2016-11-10,2279.943,2297.970,2279.943,2289.449
000016,2016-11-09,2281.124,2281.595,2244.433,2263.924
000016,2016-11-08,2284.008,2294.625,2276.738,2282.418
000016,2016-11-07,2271.964,2279.553,2265.361,2276.954
000016,2016-11-04,2271.845,2284.954,2266.917,2271.926
000016,2016-11-03,2241.437,2283.249,2239.868,2273.633
000016,2016-11-02,2256.118,2259.186,2242.769,2244.744
000016,2016-11-01,2250.495,2263.624,2246.949,2263.479
000016,2016-10-31,2247.990,2253.803,2236.203,2250.469
000016,2016-10-28,2252.384,2271.906,2249.485,2253.802
000300,2016-08-24,3341.930,3348.129,3323.725,3329.863
000300,2016-08-23,3332.621,3359.648,3324.960,3341.830
000300,2016-08-22,3364.681,3372.833,3335.470,3336.795
000300,2016-08-19,3358.555,3374.045,3341.192,3365.020
000300,2016-08-18,3369.947,3394.791,3349.688,3364.485
000300,2016-08-17,3377.771,3394.389,3356.924,3373.048
000300,2016-08-16,3403.384,3418.688,3372.021,3378.245
000300,2016-08-15,3303.469,3417.915,3302.378,3393.424
000300,2016-08-12,3231.807,3294.234,3231.137,3294.234
000300,2016-08-11,3239.558,3274.026,3232.613,3233.360
000300,2016-11-18,3437.490,3443.119,3413.270,3417.455
000300,2016-11-17,3423.465,3437.669,3412.877,3436.535
000300,2016-11-16,3432.434,3435.637,3419.244,3429.592
000300,2016-11-15,3428.866,3434.922,3415.995,3429.870
000300,2016-11-14,3409.224,3452.616,3408.139,3430.248
000300,2016-11-11,3387.948,3422.672,3382.893,3417.221
000300,2016-05-06,3213.136,3216.893,3130.147,3130.354
000300,2016-05-05,3204.169,3217.282,3196.566,3213.920
000300,2016-05-04,3203.465,3222.882,3198.292,3209.461
000300,2016-05-03,3159.823,3218.485,3151.405,3213.540
000300,2016-04-29,3153.537,3171.289,3149.397,3156.745
000300,2016-04-28,3169.333,3174.766,3135.643,3160.581
000300,2016-04-27,3181.931,3188.826,3162.691,3165.916
000300,2016-04-26,3159.771,3181.095,3150.404,3179.161
000016,2016-08-04,2145.658,2146.598,2130.175,2143.844
000016,2016-08-03,2140.153,2149.895,2136.605,2145.788
000016,2016-08-02,2145.821,2151.292,2138.190,2148.455
000016,2016-08-01,2151.542,2155.790,2136.113,2147.558
000016,2016-07-29,2163.641,2166.849,2151.927,2155.239
000016,2016-07-28,2160.163,2173.082,2153.891,2163.809
000016,2016-07-27,2182.720,2186.083,2125.266,2173.973
000016,2016-07-26,2156.813,2183.060,2156.774,2182.505
000016,2016-07-25,2155.324,2167.509,2152.089,2159.554
000016,2016-07-22,2175.975,2177.436,2154.357,2157.232
000016,2016-07-21,2168.476,2185.616,2168.476,2177.778
000016,2016-07-20,2173.546,2177.995,2163.109,2167.121
000016,2016-07-19,2188.800,2193.572,2163.315,2175.397
000016,2016-07-18,2190.469,2205.795,2184.053,2187.983
000016,2016-05-09,2100.643,2100.643,2064.686,2072.467
000016,2016-05-06,2152.502,2153.873,2106.444,2107.009
000016,2016-05-05,2149.466,2155.471,2145.107,2152.882
000016,2016-05-04,2152.434,2159.647,2147.760,2152.934
000016,2016-05-03,2136.198,2167.726,2131.383,2158.272
000016,2016-04-29,2136.844,2146.324,2134.190,2135.509
000016,2016-04-28,2149.065,2155.569,2131.860,2142.057
000016,2016-04-27,2157.859,2159.125,2143.898,2145.380
000016,2016-04-26,2146.413,2163.240,2140.575,2155.791
000300,2016-02-18,3079.527,3093.513,3049.841,3053.699
000300,2016-02-17,3034.090,3065.785,3027.046,3063.320
000300,2016-02-16,2962.187,3042.089,2962.187,3037.035
000300,2016-02-15,2888.428,2961.493,2886.018,2946.707
000300,2016-02-05,2982.056,2988.360,2962.847,2963.789
000300,2016-02-04,2960.334,2999.206,2960.207,2984.760
000300,2016-02-03,2931.288,2954.710,2909.898,2948.639
000300,2016-02-02,2901.528,2972.426,2901.512,2961.334
000300,2016-02-01,2939.040,2944.517,2869.561,2901.048
000300,2016-01-29,2855.598,2965.309,2854.371,2946.090
000300,2016-01-28,2909.334,2941.887,2841.844,2853.756
000300,2016-01-27,2953.183,2963.544,2839.290,2930.352
000016,2016-10-27,2254.322,2256.206,2243.634,2250.259
000016,2016-10-26,2263.692,2266.879,2254.630,2257.116
000016,2016-10-25,2270.017,2274.384,2258.919,2266.172
000016,2016-10-24,2245.458,2285.084,2243.811,2270.950
000016,2016-10-21,2221.383,2246.579,2221.036,2240.750
000016,2016-10-20,2222.631,2228.936,2218.969,2223.424
000016,2016-10-19,2222.781,2230.828,2217.627,2221.534
000016,2016-10-18,2189.932,2224.337,2189.932,2222.783
000016,2016-10-17,2207.353,2209.141,2189.272,2192.885
000016,2016-10-14,2199.556,2211.092,2196.261,2209.815
000016,2016-10-13,2201.340,2204.888,2194.595,2202.117
000016,2016-10-12,2205.444,2205.444,2196.852,2200.997
000016,2016-10-11,2205.354,2212.429,2202.124,2209.228
000016,2016-10-10,2187.652,2204.327,2185.468,2202.873
000300,2016-08-10,3255.182,3261.861,3242.751,3243.341
000300,2016-08-09,3232.603,3257.334,3229.174,3256.981
000300,2016-08-08,3199.572,3234.480,3187.252,3234.183
000300,2016-08-05,3201.354,3224.873,3192.861,3205.110
000300,2016-08-04,3190.546,3201.554,3170.419,3201.289
000300,2016-08-03,3179.684,3197.157,3173.536,3193.507
000300,2016-11-10,3374.906,3403.016,3374.906,3390.612
000300,2016-11-09,3370.600,3373.096,3322.080,3353.055
000300,2016-11-08,3367.697,3383.917,3361.129,3371.118
000300,2016-11-07,3353.444,3362.742,3342.312,3356.592
000300,2016-11-04,3362.206,3377.639,3348.426,3354.175
000300,2016-11-03,3326.905,3379.989,3324.838,3365.085
000300,2016-11-02,3350.710,3356.397,3331.384,3333.352
000300,2016-04-25,3164.738,3172.269,3137.113,3162.033
000300,2016-04-22,3142.561,3175.380,3137.993,3174.901
000300,2016-04-21,3160.796,3198.557,3150.940,3160.603
000300,2016-04-20,3244.142,3248.422,3107.369,3181.026
000300,2016-04-19,3243.971,3250.725,3221.577,3238.303
000300,2016-04-18,3252.671,3252.671,3221.662,3228.453
000300,2016-04-15,3279.857,3282.985,3261.730,3272.205
000016,2016-07-15,2196.954,2200.876,2186.365,2192.394
000016,2016-07-14,2195.338,2199.840,2184.495,2195.227
000016,2016-07-13,2195.981,2222.252,2191.586,2197.788
000016,2016-07-12,2156.631,2201.629,2156.592,2200.348
000016,2016-07-11,2152.739,2175.244,2150.370,2155.716
000016,2016-07-08,2156.385,2158.771,2147.140,2148.761
000016,2016-07-07,2161.359,2173.705,2153.773,2166.884
000016,2016-07-06,2161.577,2169.464,2149.036,2167.101
000016,2016-07-05,2162.094,2174.424,2159.900,2168.855
000016,2016-07-04,2121.897,2169.620,2120.493,2163.292
000016,2016-07-01,2124.400,2133.350,2122.865,2127.094
000016,2016-04-25,2149.250,2156.530,2130.303,2148.280
000016,2016-04-22,2135.919,2161.798,2133.810,2157.724
000016,2016-04-21,2138.287,2171.451,2129.912,2147.718
000300,2016-01-26,3099.596,3106.530,2934.647,2940.509
000300,2016-01-25,3129.028,3149.332,3105.100,3128.886
000300,2016-01-22,3114.895,3132.171,3053.958,3113.463
000300,2016-01-21,3136.384,3202.538,3081.345,3081.345
000300,2016-01-20,3204.218,3225.950,3154.426,3174.378
000300,2016-01-19,3132.705,3227.908,3119.216,3223.125
000300,2016-01-18,3068.235,3165.616,3066.727,3130.729
000300,2016-01-15,3200.888,3216.798,3101.052,3118.730
000300,2016-01-14,3076.645,3226.658,3072.039,3221.571
000300,2016-01-13,3240.484,3257.295,3155.879,3155.879
000300,2016-01-12,3214.823,3242.253,3174.550,3215.710
000300,2016-01-11,3303.125,3342.481,3192.450,3192.450
000300,2016-01-08,3371.871,3418.851,3237.931,3361.563
000300,2016-08-02,3173.758,3189.053,3165.542,3189.053
000300,2016-08-01,3196.425,3199.975,3156.749,3176.809
000300,2016-07-29,3217.192,3225.418,3198.684,3203.930
000300,2016-07-28,3204.465,3235.782,3195.270,3221.137
000300,2016-07-27,3270.084,3276.511,3157.409,3218.243
000300,2016-07-26,3228.234,3269.746,3228.008,3269.588
000300,2016-07-25,3220.166,3243.790,3218.142,3230.885
000300,2016-07-22,3251.242,3253.769,3220.894,3225.162
000300,2016-07-21,3238.337,3271.374,3238.303,3252.523
000300,2016-07-20,3246.863,3254.508,3232.257,3237.605
000300,2016-07-19,3260.435,3264.730,3226.199,3248.234
000300,2016-11-01,3338.710,3359.394,3334.457,3359.052
000300,2016-10-31,3332.406,3340.470,3317.328,3336.278
000300,2016-10-28,3347.144,3370.749,3337.289,3340.126
000300,2016-10-27,3351.460,3352.355,3335.133,3345.695
000300,2016-10-26,3365.198,3367.831,3349.574,3354.800
000300,2016-10-25,3367.475,3373.914,3356.585,3367.455
000300,2016-10-24,3332.513,3382.826,3330.967,3367.578
000300,2016-10-21,3315.716,3341.560,3309.179,3327.740
000300,2016-10-20,3317.179,3324.903,3312.174,3318.604
000300,2016-10-19,3323.304,3332.520,3309.831,3316.241
000300,2016-04-14,3277.098,3286.072,3252.050,3275.832
000300,2016-04-13,3237.858,3296.523,3237.858,3261.383
000300,2016-04-12,3227.367,3232.264,3198.903,3218.450
000300,2016-04-11,3213.507,3251.572,3213.507,3230.096
000300,2016-04-08,3189.846,3197.774,3163.305,3185.726
000300,2016-04-07,3266.288,3270.820,3208.644,3209.290
000300,2016-04-06,3250.522,3267.640,3236.196,3257.528
000300,2016-04-05,3211.305,3271.930,3205.207,3264.486
000300,2016-04-01,3213.674,3222.612,3165.856,3221.895
000016,2016-04-20,2166.284,2169.650,2093.818,2154.886
000016,2016-04-19,2169.894,2173.086,2156.183,2163.607
000016,2016-04-18,2166.003,2168.897,2154.381,2158.230
000016,2016-04-15,2182.114,2190.730,2172.970,2182.067
000016,2016-04-14,2183.121,2190.871,2166.634,2178.868
000016,2016-04-13,2157.212,2197.743,2157.212,2171.315
000016,2016-04-12,2147.811,2150.571,2135.289,2143.896
000016,2016-04-11,2140.564,2167.647,2140.564,2148.439
000300,2016-01-07,3481.150,3481.150,3284.737,3294.384
000300,2016-01-06,3482.406,3543.739,3468.467,3539.808
000300,2016-01-05,3382.177,3518.217,3377.280,3478.780
000300,2016-01-04,3725.856,3726.245,3468.949,3469.066
000300,2016-07-18,3269.708,3281.638,3251.766,3262.022
000300,2016-07-15,3278.836,3285.026,3265.291,3276.278
000300,2016-07-14,3277.482,3281.950,3259.065,3276.764
000300,2016-07-13,3274.020,3300.991,3271.775,3282.868
000300,2016-10-18,3272.682,3321.332,3272.682,3321.332
000300,2016-10-17,3305.964,3309.010,3271.541,3277.879
000300,2016-10-14,3298.734,3306.686,3285.729,3305.848
000300,2016-10-13,3299.156,3307.409,3292.397,3302.646
000300,2016-10-12,3299.139,3302.561,3289.753,3300.010
000300,2016-10-11,3296.867,3308.004,3292.878,3306.557
000016,2016-04-08,2125.449,2132.728,2114.265,2123.804
000016,2016-04-07,2174.883,2177.122,2138.328,2139.404
000016,2016-04-06,2167.449,2176.901,2156.515,2168.037
000016,2016-04-05,2151.369,2186.917,2147.088,2180.262
000016,2016-04-01,2156.776,2168.333,2124.126,2167.782
000300,2016-07-12,3201.906,3273.474,3200.303,3273.182
000300,2016-07-11,3199.038,3235.962,3197.626,3203.330
000300,2016-07-08,3199.754,3204.928,3183.959,3192.280
000300,2016-07-07,3206.551,3220.540,3190.124,3209.954
000300,2016-07-06,3197.625,3217.516,3183.451,3216.804
000300,2016-07-05,3199.157,3216.703,3197.996,3207.383
000300,2016-07-04,3136.385,3210.602,3134.023,3204.696
000300,2016-07-01,3156.932,3170.258,3148.295,3154.200
000300,2016-10-10,3265.364,3294.641,3258.958,3293.869
